1,1,1,42.926487,-78.896095,0
2,1,1,40.73951,-73.699265,0
3,1,1,40.710529,-73.963402,0
4,1,1,40.771687,-73.981865,0
5,1,1,40.749393,-73.986397,0
6,1,1,40.668732,-73.725967,0
7,1,1,40.530285,-74.23214,0
8,1,1,41.307365,-73.900345,0
9,1,1,43.027279,-76.296265,0
10,1,1,40.747871,-73.9832,0
11,1,1,40.669243,-73.725739,0
12,1,1,40.705624,-74.009605,0
13,1,1,40.747871,-73.9832,0
14,1,1,40.640018,-73.700089,0
15,1,1,40.76543,-73.97229,0
16,1,1,42.088852,-75.910416,0
17,1,1,43.502525,-73.743591,0
18,1,1,41.207111,-73.88752,0
19,1,1,40.642563,-73.69635,0
20,1,1,40.706161,-74.012421,0
21,1,1,40.72747,-74.003006,0
22,1,1,40.69273,-73.927223,0
23,1,1,43.047195,-78.760612,0
24,1,1,40.726566,-74.003105,0
25,1,1,40.672733,-73.980331,0
26,1,1,43.436798,-76.531425,0
27,1,1,40.740829,-73.986809,0
28,1,1,40.751251,-73.699265,0
29,1,1,40.767765,-73.725601,0
30,1,1,40.640018,-73.700089,0
31,1,1,42.657391,-73.783325,0
32,1,1,41.175598,-73.643608,0
33,1,1,40.757435,-73.977592,0
34,1,1,40.759422,-73.224693,0
35,1,1,40.83321,-73.413887,0
36,1,1,43.329243,-75.898621,0
37,1,1,40.708405,-73.957497,0
38,1,1,40.769882,-73.723373,0
39,1,1,40.618443,-73.739609,0
40,1,1,41.004261,-73.88044,0
41,1,1,40.816391,-73.957924,0
42,1,1,40.659344,-73.721458,0
43,1,1,40.747871,-73.9832,0
44,1,1,40.706184,-74.013649,0
45,1,1,43.502525,-73.743591,0
46,1,1,40.707363,-74.012199,0
47,1,1,40.710529,-73.963402,0
48,1,1,40.755894,-73.989677,0
49,1,1,40.66988,-73.726135,0
50,1,1,42.934669,-76.579674,0
51,1,1,40.743584,-73.987785,0
52,1,1,40.682194,-73.72007,0
53,1,1,40.945213,-72.75071,0
54,1,1,43.502525,-73.743591,0
55,1,1,40.708939,-74.011475,0
56,1,1,40.747871,-73.9832,0
57,1,1,40.934048,-73.883774,0
58,1,1,40.713444,-74.007133,0
59,1,1,40.666389,-73.727402,0
60,1,1,40.705624,-74.009605,0
61,1,1,40.705288,-74.014023,0
62,1,1,40.708202,-74.010506,0
63,1,1,42.249176,-73.767311,0
64,1,1,40.744926,-73.988594,0
65,1,1,40.747871,-73.9832,0
66,1,1,40.778404,-73.957573,0
67,1,1,40.707363,-74.012199,0
68,1,1,42.819683,-73.940659,0
69,1,1,42.920448,-78.886307,0
70,1,1,42.736191,-73.706009,0
71,1,1,42.752869,-73.577011,0
72,1,1,40.597359,-73.994041,0
73,1,1,40.751099,-73.991974,0
74,1,1,40.710529,-73.963402,0
75,1,1,40.666672,-73.984886,0
76,1,1,40.757675,-73.978447,0
77,1,1,40.709488,-73.961426,0
78,1,1,40.762257,-73.971748,0
79,1,1,42.685432,-73.731049,0
80,1,1,40.753922,-73.981178,0
81,1,1,40.834373,-73.888649,0
82,1,1,42.076523,-73.597382,0
83,1,1,41.500156,-74.016441,0
84,1,1,40.767765,-73.725601,0
85,1,1,40.816391,-73.957924,0
86,1,1,40.91832,-73.795868,0
87,1,1,40.829327,-73.948463,0
88,1,1,40.810089,-73.950577,0
89,1,1,40.785019,-73.972275,0
90,1,1,40.81374,-73.939774,0
91,1,1,40.710529,-73.963402,0
92,1,1,40.790436,-73.975204,0
93,1,1,40.743736,-73.991379,0
94,1,1,42.733662,-73.706406,0
95,1,1,40.654236,-73.72068,0
96,1,1,40.752377,-73.982811,0
97,1,1,40.709381,-74.010033,0
98,1,1,40.97765,-72.247177,0
99,1,1,40.739697,-73.69899,0
100,1,1,40.802189,-73.938889,0
101,1,1,40.706467,-74.012299,0
102,1,1,40.868134,-73.882622,0
103,1,1,40.749393,-73.986397,0
104,1,1,40.633854,-74.116829,0
105,1,1,40.66988,-73.726135,0
106,1,1,40.709736,-74.010857,0
107,1,1,40.756893,-74.004616,0
108,1,1,40.674583,-73.97879,0
109,1,1,40.779652,-73.96003,0
110,1,1,40.708885,-73.427849,0
111,1,1,40.783108,-73.953217,0
112,1,1,40.708885,-73.427849,0
113,1,1,42.692558,-73.723793,0
114,1,1,40.668732,-73.725967,0
115,1,1,40.665203,-73.985992,0
116,1,1,40.783367,-73.975044,0
117,1,1,40.691196,-73.924782,0
118,1,1,40.712116,-74.005966,0
119,1,1,40.809433,-73.947899,0
120,1,1,40.736824,-73.662849,0
121,1,1,41.729458,-74.059845,0
122,1,1,40.807644,-73.943558,0
123,1,1,41.645153,-73.74192,0
124,1,1,42.6525,-73.748734,0
125,1,1,40.743576,-73.989243,0
126,1,1,40.740829,-73.986809,0
127,1,1,43.015221,-76.164375,0
128,1,1,40.74971,-73.986092,0
129,1,1,42.320908,-77.663124,0
130,1,1,40.907692,-73.016197,0
131,1,1,42.22998,-74.869728,0
132,1,1,42.661751,-73.760361,0
133,1,1,40.685879,-73.721809,0
134,1,1,40.751099,-73.991974,0
135,1,1,40.747871,-73.9832,0
136,1,1,40.653019,-73.735405,0
137,1,1,40.709499,-74.00972,0
138,1,1,40.708939,-74.011475,0
139,1,1,42.076141,-73.597931,0
140,1,1,40.715492,-73.998466,0
141,1,1,42.076229,-73.597794,0
142,1,1,40.751099,-73.991974,0
143,1,1,40.74976,-73.986847,0
144,1,1,40.672684,-73.98037,0
145,1,1,40.743576,-73.989243,0
146,1,1,40.74435,-73.989746,0
147,1,1,40.907692,-73.016197,0
148,1,1,40.709206,-74.010048,0
149,1,1,42.752869,-73.577011,0
150,1,1,41.174412,-73.641357,0
151,1,1,41.825195,-74.864532,0
152,1,1,40.714523,-74.004463,0
153,1,1,40.797207,-73.970116,0
154,1,1,40.714764,-74.007828,0
155,1,1,40.634262,-74.116898,0
156,1,1,40.73951,-73.699265,0
157,1,1,40.708706,-73.959137,0
158,1,1,40.825115,-73.947815,0
159,1,1,40.832565,-73.694649,0
160,1,1,40.766445,-73.490089,0
161,1,1,40.709499,-74.00972,0
162,1,1,40.708202,-74.010506,0
163,1,1,40.68652,-73.718872,0
164,1,1,43.059208,-74.334381,0
165,1,1,40.75679,-73.981064,0
166,1,1,42.714001,-73.669464,0
167,1,1,40.710529,-73.963402,0
168,1,1,40.709499,-74.00972,0
169,1,1,40.766953,-73.9702,0
170,1,1,40.709381,-74.010033,0
171,1,1,40.738609,-73.59697,0
172,1,1,40.761974,-73.646088,0
173,1,1,43.317608,-73.644928,0
174,1,1,41.920143,-73.985893,0
175,1,1,40.770359,-73.902435,0
176,1,1,43.145,-77.597176,0
177,1,1,40.739697,-73.69899,0
178,1,1,40.654186,-73.713974,0
179,1,1,41.799244,-74.745377,0
180,1,1,43.148697,-77.601952,0
181,1,1,40.73951,-73.699265,0
182,1,1,42.788677,-73.673851,0
183,1,1,42.788677,-73.673851,0
184,1,1,40.576248,-73.844093,0
185,1,1,40.737316,-73.98996,0
186,1,1,42.231083,-74.869301,0
187,1,1,40.698975,-73.939255,0
188,1,1,42.752869,-73.577011,0
189,1,1,42.097713,-76.802437,0
190,1,1,40.709381,-74.010033,0
191,1,1,40.744999,-73.98893,0
192,1,1,40.699226,-73.939743,0
193,1,1,41.821003,-74.681938,0
194,1,1,40.726566,-74.003105,0
195,1,1,43.105091,-75.24836,0
196,1,1,40.709549,-73.961708,0
197,1,1,40.929035,-73.770828,0
198,1,1,40.722969,-73.825661,0
199,1,1,40.742954,-73.990654,0
200,1,1,40.768871,-73.969437,0
201,1,1,40.934048,-73.883774,0
202,1,1,40.691196,-73.924782,0
203,1,1,40.710529,-73.963402,0
204,1,1,40.66988,-73.726135,0
205,1,1,40.74976,-73.986847,0
206,1,1,40.752293,-73.987579,0
207,1,1,43.329243,-75.898621,0
208,1,1,40.709488,-73.961426,0
209,1,1,40.690979,-73.925133,0
210,1,1,40.576248,-73.844093,0
211,1,1,40.576248,-73.844093,0
212,1,1,41.76265,-73.940804,0
213,1,1,40.708885,-73.427849,0
214,1,1,40.74551,-73.988434,0
215,1,1,40.709488,-73.961426,0
216,1,1,40.928185,-73.777679,0
217,1,1,42.73489,-73.706001,0
218,1,1,40.819099,-73.955864,0
219,1,1,42.076176,-73.59787,0
220,1,1,41.800877,-74.74437,0
221,1,1,40.785389,-73.979164,0
222,1,1,40.748981,-73.986099,0
223,1,1,40.746883,-73.986992,0
224,1,1,40.904495,-73.865944,0
225,1,1,40.611603,-74.034027,0
226,1,1,40.740829,-73.986809,0
227,1,1,40.949303,-73.896561,0
228,1,1,40.658848,-73.989052,0
229,1,1,40.767765,-73.725601,0
230,1,1,40.747871,-73.9832,0
231,1,1,40.637337,-74.117233,0
232,1,1,42.418118,-78.641968,0
233,1,1,40.666389,-73.727402,0
234,1,1,40.716187,-73.985466,0
235,1,1,40.70966,-73.962128,0
236,1,1,40.710529,-73.963402,0
237,1,1,44.959213,-74.83046,0
238,1,1,40.637184,-74.11792,0
239,1,1,40.693829,-73.92926,0
240,1,1,40.665871,-73.982155,0
241,1,1,41.797749,-74.747353,0
242,1,1,40.81638,-73.939301,0
243,1,1,40.811165,-73.951218,0
244,1,1,40.727196,-73.689621,0
245,1,1,40.754875,-73.727318,0
246,1,1,40.633591,-74.116745,0
247,1,1,40.63343,-74.117188,0
248,1,1,40.794781,-73.820396,0
249,1,1,41.783348,-74.682709,0
250,1,1,42.779495,-73.752281,0
251,1,1,41.783348,-74.682709,0
252,1,1,42.788677,-73.673851,0
253,1,1,40.736824,-73.662849,0
254,1,1,42.692558,-73.723793,0
255,1,1,40.718758,-73.987724,0
256,1,1,40.709942,-73.96315,0
257,1,1,40.726997,-73.995262,0
258,1,1,40.709381,-74.010033,0
259,1,1,40.724895,-73.997047,0
260,1,1,40.737652,-73.996254,0
261,1,1,40.734924,-73.701759,0
262,1,1,40.810089,-73.950577,0
263,1,1,40.769924,-73.012062,0
264,1,1,40.700043,-73.74881,0
265,1,1,40.684704,-73.723366,0
266,1,1,40.711861,-73.552963,0
267,1,1,40.73951,-73.699265,0
268,1,1,40.733166,-73.697723,0
269,1,1,40.759346,-73.976738,0
270,1,1,40.714523,-74.004463,0
271,1,1,40.73336,-73.990738,0
272,1,1,42.357243,-73.73143,0
273,1,1,40.69614,-73.424026,0
274,1,1,40.742153,-73.989868,0
275,1,1,40.707363,-74.012199,0
276,1,1,40.712132,-74.005913,0
277,1,1,42.914867,-78.814568,0
278,1,1,40.733166,-73.697723,0
279,1,1,40.852146,-73.898087,0
280,1,1,40.852509,-73.898262,0
281,1,1,40.657528,-73.721733,0
282,1,1,40.73951,-73.699265,0
283,1,1,40.699245,-73.939827,0
284,1,1,40.749004,-73.984367,0
285,1,1,40.784275,-73.970749,0
286,1,1,40.775921,-73.982048,0
287,1,1,40.922935,-73.840858,0
288,1,1,40.635468,-74.166039,0
289,1,1,40.736824,-73.662849,0
290,1,1,40.83807,-73.938103,0
291,1,1,40.816391,-73.957924,0
292,1,1,40.816391,-73.957924,0
293,1,1,40.648518,-73.677696,0
294,1,1,40.666389,-73.727402,0
295,1,1,42.084923,-78.415733,0
296,1,1,40.751099,-73.991974,0
297,1,1,40.710529,-73.963402,0
298,1,1,40.759346,-73.976738,0
299,1,1,40.657043,-73.723358,0
300,1,1,40.66988,-73.726135,0
301,1,1,40.668732,-73.725967,0
302,1,1,41.928936,-74.016571,0
303,1,1,40.847687,-73.897812,0
304,1,1,40.714443,-74.006462,0
305,1,1,40.710445,-74.008949,0
306,1,1,42.503387,-74.108337,0
307,1,1,40.913399,-73.129181,0
308,1,1,40.709736,-74.010857,0
309,1,1,40.761593,-73.976913,0
310,1,1,43.436798,-76.531425,0
311,1,1,40.667355,-73.726418,0
312,1,1,40.709736,-74.010857,0
313,1,1,40.808037,-73.945885,0
314,1,1,40.734924,-73.701759,0
315,1,1,40.749004,-73.984367,0
316,1,1,42.320908,-77.663124,0
317,1,1,40.766445,-73.490089,0
318,1,1,40.653019,-73.735405,0
319,1,1,43.036053,-78.767616,0
320,1,1,40.712727,-74.006012,0
321,1,1,40.693829,-73.92926,0
322,1,1,40.74551,-73.988434,0
323,1,1,40.749393,-73.986397,0
324,1,1,40.766392,-73.986946,0
325,1,1,40.708939,-74.011475,0
326,1,1,40.747871,-73.9832,0
327,1,1,40.66988,-73.726135,0
328,1,1,41.502434,-74.011787,0
329,1,1,40.770359,-73.902435,0
330,1,1,40.780449,-73.961304,0
331,1,1,40.637184,-74.11792,0
332,1,1,43.462349,-76.503967,0
333,1,1,42.886341,-78.868263,0
334,1,1,40.757675,-73.978447,0
335,1,1,40.807541,-73.943298,0
336,1,1,40.770073,-73.982018,0
337,1,1,40.677658,-73.976738,0
338,1,1,40.691353,-73.924728,0
339,1,1,40.717766,-73.834167,0
340,1,1,40.633854,-74.116829,0
341,1,1,42.76376,-73.679901,0
342,1,1,41.66404,-74.728638,0
343,1,1,40.679359,-73.981369,0
344,1,1,42.685432,-73.731049,0
345,1,1,42.935371,-76.575996,0
346,1,1,40.777767,-73.978661,0
347,1,1,40.736393,-73.664558,0
348,1,1,40.808258,-73.946632,0
349,1,1,40.684704,-73.723366,0
350,1,1,41.799244,-74.745377,0
351,1,1,40.82246,-73.938713,0
352,1,1,42.877213,-73.745842,0
353,1,1,40.637184,-74.11792,0
354,1,1,40.65802,-73.835861,0
355,1,1,41.645153,-73.74192,0
356,1,1,40.657528,-73.721733,0
357,1,1,40.736824,-73.662849,0
358,1,1,40.747871,-73.9832,0
359,1,1,40.694401,-73.658745,0
360,1,1,40.712727,-74.006012,0
361,1,1,40.571976,-73.865738,0
362,1,1,40.61623,-74.150032,0
363,1,1,40.8493,-73.93692,0
364,1,1,42.108604,-75.890808,0
365,1,1,40.712059,-74.009521,0
366,1,1,40.8493,-73.93692,0
367,1,1,43.064026,-76.991737,0
368,1,1,40.744114,-73.698814,0
369,1,1,40.743576,-73.989243,0
370,1,1,40.852329,-73.901154,0
371,1,1,40.63343,-74.117188,0
372,1,1,41.798485,-74.745094,0
373,1,1,40.739697,-73.69899,0
374,1,1,41.753677,-74.702599,0
375,1,1,40.817299,-73.917099,0
376,1,1,40.800224,-73.967735,0
377,1,1,42.895473,-76.753952,0
378,1,1,40.657043,-73.723358,0
379,1,1,40.749699,-73.987106,0
380,1,1,40.751251,-73.699265,0
381,1,1,40.847767,-73.896675,0
382,1,1,41.496838,-74.01635,0
383,1,1,41.496838,-74.01635,0
384,1,1,40.612087,-73.748055,0
385,1,1,42.749916,-73.748482,0
386,1,1,40.668732,-73.725967,0
387,1,1,40.736332,-73.997169,0
388,1,1,41.303703,-73.894836,0
389,1,1,40.726906,-73.991501,0
390,1,1,40.709499,-74.00972,0
391,1,1,42.714001,-73.669464,0
392,1,1,40.769882,-73.723373,0
393,1,1,42.216496,-73.871964,0
394,1,1,41.781776,-74.728516,0
395,1,1,40.720779,-73.995911,0
396,1,1,40.783863,-73.979988,0
397,1,1,40.784985,-73.972221,0
398,1,1,40.739697,-73.69899,0
399,1,1,40.803547,-73.965225,0
400,1,1,41.800587,-74.745094,0
401,1,1,40.711678,-74.006538,0
402,1,1,40.782997,-73.709106,0
403,1,1,40.933514,-73.884232,0
404,1,1,40.74535,-73.990463,0
405,1,1,40.709549,-73.961708,0
406,1,1,40.73135,-73.991646,0
407,1,1,41.016468,-73.868958,0
408,1,1,40.710529,-73.963402,0
409,1,1,40.80508,-73.965919,0
410,1,1,40.672039,-73.983719,0
411,1,1,40.753799,-73.986679,0
412,1,1,40.708092,-74.013161,0
413,1,1,40.653019,-73.735405,0
414,1,1,41.004444,-73.879898,0
415,1,1,40.709499,-74.00972,0
416,1,1,40.74551,-73.988434,0
417,1,1,40.670467,-73.981728,0
418,1,1,40.805508,-73.963936,0
419,1,1,40.908047,-73.017433,0
420,1,1,40.709381,-74.010033,0
421,1,1,40.726566,-74.003105,0
422,1,1,40.798019,-73.972389,0
423,1,1,41.885044,-74.25705,0
424,1,1,41.799244,-74.745377,0
425,1,1,40.751099,-73.991974,0
426,1,1,40.708939,-74.011475,0
427,1,1,40.780666,-73.9813,0
428,1,1,40.711678,-74.006538,0
429,1,1,42.566883,-76.289742,0
430,1,1,40.895313,-73.058319,0
431,1,1,40.637184,-74.11792,0
432,1,1,40.709499,-74.00972,0
433,1,1,40.709835,-74.009483,0
434,1,1,40.668732,-73.725967,0
435,1,1,40.729916,-74.000267,0
436,1,1,40.766144,-73.982071,0
437,1,1,40.755482,-73.986389,0
438,1,1,41.627705,-73.630341,0
439,1,1,42.749916,-73.748482,0
440,1,1,40.741058,-73.989639,0
441,1,1,40.922935,-73.840858,0
442,1,1,40.751251,-73.699265,0
443,1,1,40.633854,-74.116829,0
444,1,1,40.709549,-73.961708,0
445,1,1,40.743576,-73.989243,0
446,1,1,40.804726,-73.940338,0
447,1,1,40.668732,-73.725967,0
448,1,1,42.732212,-73.706604,0
449,1,1,40.7826,-73.972443,0
450,1,1,41.307365,-73.900345,0
451,1,1,40.748981,-73.986099,0
452,1,1,40.816902,-73.959862,0
453,1,1,40.709381,-74.010033,0
454,1,1,40.778843,-73.955864,0
455,1,1,40.712116,-74.005966,0
456,1,1,40.709549,-73.961708,0
457,1,1,40.65802,-73.835861,0
458,1,1,40.710445,-74.008949,0
459,1,1,40.714211,-74.005623,0
460,1,1,40.712208,-73.774673,0
461,1,1,40.668827,-73.725914,0
462,1,1,40.659344,-73.721458,0
463,1,1,40.637337,-74.117233,0
464,1,1,40.681717,-73.837692,0
465,1,1,42.773842,-73.708145,0
466,1,1,42.165657,-74.014183,0
467,1,1,42.712116,-73.742622,0
468,1,1,40.71043,-74.010147,0
469,1,1,40.736332,-73.997169,0
470,1,1,40.666069,-73.982552,0
471,1,1,40.740829,-73.986809,0
472,1,1,41.175598,-73.643608,0
473,1,1,40.66074,-73.990204,0
474,1,1,40.751099,-73.991974,0
475,1,1,42.941345,-74.19326,0
476,1,1,42.087353,-75.898384,0
477,1,1,40.637184,-74.11792,0
478,1,1,40.751373,-73.982193,0
479,1,1,40.663033,-73.987808,0
480,1,1,42.841461,-73.728844,0
481,1,1,40.755894,-73.989677,0
482,1,1,40.665859,-73.985466,0
483,1,1,42.898792,-78.814171,0
484,1,1,40.660461,-73.991028,0
485,1,1,40.784389,-73.970802,0
486,1,1,40.762234,-73.983749,0
487,1,1,40.736332,-73.997169,0
488,1,1,40.709381,-74.010033,0
489,1,1,40.705753,-74.013985,0
490,1,1,40.713444,-74.007133,0
491,1,1,42.566883,-76.289742,0
492,1,1,40.73951,-73.699265,0
493,1,1,40.830948,-73.947029,0
494,1,1,40.721989,-74.009232,0
495,1,1,42.650345,-73.763588,0
496,1,1,45.994812,-66.598747,0
497,1,1,40.740639,-73.993904,0
498,1,1,41.307365,-73.900345,0
499,1,1,40.735912,-73.700096,0
500,1,1,40.788006,-73.976898,0
501,1,1,41.307365,-73.900345,0
502,1,1,40.669701,-73.982841,0
503,1,1,40.816391,-73.957924,0
504,1,1,42.783909,-73.66803,0
505,1,1,40.655472,-73.999817,0
506,1,1,40.67445,-73.981728,0
507,1,1,40.709549,-73.961708,0
508,1,1,41.80135,-74.749298,0
509,1,1,40.710445,-74.008949,0
510,1,1,40.770134,-73.966759,0
511,1,1,40.763397,-73.983353,0
512,1,1,40.70834,-73.958191,0
513,1,1,40.841896,-73.87352,0
514,1,1,40.748478,-73.984879,0
515,1,1,42.685432,-73.731049,0
516,1,1,40.745827,-73.987877,0
517,1,1,40.818848,-73.898705,0
518,1,1,40.614384,-73.500748,0
519,1,1,40.785019,-73.972275,0
520,1,1,40.659344,-73.721458,0
521,1,1,40.784985,-73.972221,0
522,1,1,40.663952,-73.990997,0
523,1,1,40.709499,-74.00972,0
524,1,1,40.805168,-73.965637,0
525,1,1,40.671944,-73.983704,0
526,1,1,42.895473,-76.753952,0
527,1,1,40.763588,-73.971794,0
528,1,1,43.193375,-74.340439,0
529,1,1,40.72747,-74.003006,0
530,1,1,42.788677,-73.673851,0
531,1,1,40.709381,-74.010033,0
532,1,1,40.785019,-73.972275,0
533,1,1,40.707363,-74.012199,0
534,1,1,41.796761,-74.744682,0
535,1,1,40.749699,-73.987106,0
536,1,1,40.749699,-73.987106,0
537,1,1,40.710529,-73.963402,0
538,1,1,42.076443,-73.597496,0
539,1,1,41.801853,-74.74334,0
540,1,1,40.693405,-73.929192,0
541,1,1,40.712727,-74.006012,0
542,1,1,40.6772,-73.977043,0
543,1,1,40.654186,-73.713974,0
544,1,1,40.711678,-74.006538,0
545,1,1,40.714211,-74.005623,0
546,1,1,40.742893,-74.004265,0
547,1,1,40.712116,-74.005966,0
548,1,1,40.744862,-74.00264,0
549,1,1,43.165394,-77.987213,0
550,1,1,40.693607,-73.929695,0
551,1,1,40.744827,-73.989006,0
552,1,1,41.011093,-73.657219,0
553,1,1,41.783348,-74.682709,0
554,1,1,40.753765,-73.985329,0
555,1,1,42.72863,-73.703217,0
556,1,1,40.753555,-74.006683,0
557,1,1,40.717766,-73.834167,0
558,1,1,42.128292,-76.829391,0
559,1,1,40.710182,-74.010056,0
560,1,1,40.757675,-73.978447,0
561,1,1,40.598366,-73.820572,0
562,1,1,41.500156,-74.016441,0
563,1,1,40.710445,-74.008949,0
564,1,1,40.784618,-73.972305,0
565,1,1,40.576248,-73.844093,0
566,1,1,40.797527,-73.964005,0
567,1,1,40.640202,-73.699829,0
568,1,1,41.80098,-74.74472,0
569,1,1,40.63406,-74.117249,0
570,1,1,42.774487,-73.708076,0
571,1,1,40.709381,-74.010033,0
572,1,1,40.709499,-74.00972,0
573,1,1,40.779652,-73.96003,0
574,1,1,40.707977,-74.011093,0
575,1,1,40.767765,-73.725601,0
576,1,1,40.709381,-74.010033,0
577,1,1,40.757675,-73.978447,0
578,1,1,40.709736,-74.010857,0
579,1,1,41.805103,-74.750259,0
580,1,1,40.705288,-74.014023,0
581,1,1,40.907608,-73.017258,0
582,1,1,42.067211,-73.895729,0
583,1,1,40.576248,-73.844093,0
584,1,1,40.71212,-74.005966,0
585,1,1,40.671295,-73.984222,0
586,1,1,40.712132,-74.005913,0
587,1,1,40.710468,-73.793602,0
588,1,1,40.633854,-74.116829,0
589,1,1,42.788677,-73.673851,0
590,1,1,40.757492,-73.977554,0
591,1,1,40.699799,-73.784775,0
592,1,1,40.710529,-73.963402,0
593,1,1,40.637184,-74.11792,0
594,1,1,40.739578,-73.989403,0
595,1,1,40.705864,-74.01004,0
596,1,1,40.705738,-74.01017,0
597,1,1,40.816391,-73.957924,0
598,1,1,42.077011,-73.596703,0
599,1,1,40.70966,-73.962128,0
600,1,1,40.709381,-74.010033,0
601,1,1,42.685432,-73.731049,0
602,1,1,40.840092,-73.109718,0
603,1,1,40.669243,-73.725739,0
604,1,1,40.784142,-73.970924,0
605,1,1,40.739697,-73.69899,0
606,1,1,41.708641,-73.899712,0
607,1,1,40.784798,-73.971687,0
608,1,1,43.222393,-78.023376,0
609,1,1,40.751099,-73.991974,0
610,1,1,41.803158,-74.738358,0
611,1,1,40.73951,-73.699265,0
612,1,1,43.084717,-78.98526,0
613,1,1,40.755894,-73.989677,0
614,1,1,40.721954,-73.999901,0
615,1,1,40.744751,-73.865852,0
616,1,1,40.709549,-73.961708,0
617,1,1,40.807644,-73.943558,0
618,1,1,40.736713,-73.663345,0
619,1,1,40.848232,-73.934998,0
620,1,1,42.252865,-73.790962,0
621,1,1,40.816391,-73.957924,0
622,1,1,40.733166,-73.697723,0
623,1,1,40.710716,-73.965302,0
624,1,1,42.202164,-73.906372,0
625,1,1,40.74976,-73.986847,0
626,1,1,42.784363,-73.669136,0
627,1,1,42.681564,-73.73378,0
628,1,1,42.075893,-73.598328,0
629,1,1,40.770203,-73.968552,0
630,1,1,40.651821,-73.630692,0
631,1,1,40.933041,-73.884644,0
632,1,1,40.754875,-73.727318,0
633,1,1,40.706184,-74.013649,0
634,1,1,40.665844,-73.986115,0
635,1,1,40.675449,-73.684349,0
636,1,1,40.800095,-73.96917,0
637,1,1,40.709499,-74.00972,0
638,1,1,40.8419,-73.939491,0
639,1,1,40.637184,-74.11792,0
640,1,1,41.783131,-74.680763,0
641,1,1,40.826962,-73.950386,0
642,1,1,40.73951,-73.699265,0
643,1,1,41.645153,-73.74192,0
644,1,1,40.788338,-73.976501,0
645,1,1,40.712727,-74.006012,0
646,1,1,40.66988,-73.726135,0
647,1,1,40.710529,-73.963402,0
648,1,1,40.710323,-74.009369,0
649,1,1,40.640018,-73.700089,0
650,1,1,40.653049,-74.003845,0
651,1,1,40.693829,-73.92926,0
652,1,1,42.752869,-73.577011,0
653,1,1,40.713421,-74.007591,0
654,1,1,40.749699,-73.987106,0
655,1,1,40.709499,-74.00972,0
656,1,1,40.757389,-73.778137,0
657,1,1,40.802856,-73.952919,0
658,1,1,40.797478,-73.938896,0
659,1,1,41.7822,-74.681236,0
660,1,1,40.780167,-73.985321,0
661,1,1,40.749699,-73.987106,0
662,1,1,40.773651,-73.959846,0
663,1,1,40.748981,-73.986099,0
664,1,1,40.754932,-73.984558,0
665,1,1,40.784569,-73.972267,0
666,1,1,40.667042,-73.987747,0
667,1,1,40.770073,-73.982018,0
668,1,1,42.788677,-73.673851,0
669,1,1,41.800198,-74.749466,0
670,1,1,40.74654,-73.988129,0
671,1,1,40.761929,-73.989662,0
672,1,1,40.66296,-73.987907,0
673,1,1,42.735565,-73.705894,0
674,1,1,41.496838,-74.01635,0
675,1,1,40.682999,-73.774879,0
676,1,1,40.726566,-74.003105,0
677,1,1,40.685902,-73.916084,0
678,1,1,40.73951,-73.699265,0
679,1,1,40.79353,-73.974342,0
680,1,1,40.714066,-74.006798,0
681,1,1,40.70966,-73.962128,0
682,1,1,43.045937,-75.8666,0
683,1,1,40.709854,-73.962486,0
684,1,1,40.769882,-73.723373,0
685,1,1,40.709549,-73.961708,0
686,1,1,40.92482,-72.329811,0
687,1,1,42.65237,-73.76722,0
688,1,1,40.753944,-73.978981,0
689,1,1,40.709499,-74.00972,0
690,1,1,40.753944,-73.978981,0
691,1,1,40.631203,-74.116356,0
692,1,1,40.670811,-73.981339,0
693,1,1,40.657219,-73.720604,0
694,1,1,42.783825,-73.668076,0
695,1,1,40.778156,-73.981194,0
696,1,1,40.907608,-73.017258,0
697,1,1,40.837105,-73.874527,0
698,1,1,43.15049,-77.602402,0
699,1,1,40.772968,-73.982307,0
700,1,1,40.724895,-73.997047,0
701,1,1,40.706547,-74.013268,0
702,1,1,40.758415,-73.985588,0
703,1,1,40.709942,-73.96315,0
704,1,1,40.71212,-74.005966,0
705,1,1,40.705887,-74.01297,0
706,1,1,40.640018,-73.700089,0
707,1,1,40.74976,-73.986847,0
708,1,1,40.709499,-74.00972,0
709,1,1,40.710529,-73.963402,0
710,1,1,40.658531,-73.766373,0
711,1,1,40.734924,-73.701759,0
712,1,1,41.497654,-74.015923,0
713,1,1,40.773369,-73.981636,0
714,1,1,40.843102,-73.900154,0
715,1,1,40.727451,-74.005386,0
716,1,1,42.862026,-73.734398,0
717,1,1,40.618443,-73.739609,0
718,1,1,43.169228,-77.573074,0
719,1,1,40.721161,-73.99382,0
720,1,1,40.831623,-73.75502,0
721,1,1,43.00246,-73.85276,0
722,1,1,40.636452,-73.743813,0
723,1,1,40.678555,-73.982666,0
724,1,1,40.743576,-73.989243,0
725,1,1,40.661137,-73.993423,0
726,1,1,42.076523,-73.597382,0
727,1,1,40.668125,-73.990181,0
728,1,1,43.502525,-73.743591,0
729,1,1,40.662045,-73.855705,0
730,1,1,40.767765,-73.725601,0
731,1,1,40.711597,-74.006218,0
732,1,1,40.663033,-73.987808,0
733,1,1,40.719288,-73.985306,0
734,1,1,40.687813,-73.918839,0
735,1,1,40.748981,-73.986099,0
736,1,1,41.796761,-74.744682,0
737,1,1,40.927193,-72.701141,0
738,1,1,40.784275,-73.970749,0
739,1,1,40.712128,-74.00592,0
740,1,1,40.776409,-73.951836,0
741,1,1,40.905884,-73.870239,0
742,1,1,42.628986,-78.737617,0
743,1,1,40.777458,-73.954529,0
744,1,1,40.709736,-74.010857,0
745,1,1,40.860035,-73.898773,0
746,1,1,40.766171,-73.964211,0
747,1,1,40.73951,-73.699265,0
748,1,1,40.800407,-73.948242,0
749,1,1,40.659344,-73.721458,0
750,1,1,40.637337,-74.117233,0
751,1,1,43.056084,-74.351151,0
752,1,1,40.715561,-73.996933,0
753,1,1,40.709736,-74.010857,0
754,1,1,40.758862,-73.995598,0
755,1,1,40.640018,-73.700089,0
756,1,1,44.544624,-75.208397,0
757,1,1,40.928829,-73.898018,0
758,1,1,40.699223,-73.760582,0
759,1,1,40.741951,-73.99337,0
760,1,1,40.665203,-73.985992,0
761,1,1,40.709381,-74.010033,0
762,1,1,43.484238,-75.33551,0
763,1,1,40.675705,-73.387016,0
764,1,1,40.710445,-74.008949,0
765,1,1,40.847927,-73.900703,0
766,1,1,40.744534,-73.991959,0
767,1,1,40.826965,-73.39296,0
768,1,1,41.594887,-73.918457,0
769,1,1,41.885044,-74.25705,0
770,1,1,40.712898,-74.001778,0
771,1,1,40.740829,-73.986809,0
772,1,1,40.70966,-73.962128,0
773,1,1,44.959213,-74.83046,0
774,1,1,42.775455,-73.673218,0
775,1,1,42.685432,-73.731049,0
776,1,1,41.803158,-74.738358,0
777,1,1,41.644218,-74.645149,0
778,1,1,40.743961,-73.988281,0
779,1,1,42.24535,-73.765274,0
780,1,1,40.63401,-74.117241,0
781,1,1,40.678295,-73.84697,0
782,1,1,40.770664,-73.955017,0
783,1,1,40.668732,-73.725967,0
784,1,1,40.747871,-73.9832,0
785,1,1,40.757931,-73.646416,0
786,1,1,40.757931,-73.646416,0
787,1,1,40.728176,-73.987206,0
788,1,1,40.695625,-73.891342,0
789,1,1,40.679256,-73.782341,0
790,1,1,40.708679,-73.958092,0
791,1,1,40.708092,-74.013161,0
792,1,1,42.896019,-78.666252,0
793,1,1,40.755894,-73.989677,0
794,1,1,41.004025,-73.880005,0
795,1,1,40.706161,-74.012421,0
796,1,1,40.755699,-73.994843,0
797,1,1,40.739697,-73.69899,0
798,1,1,40.739697,-73.69899,0
799,1,1,40.900723,-73.790863,0
800,1,1,40.668732,-73.725967,0
801,1,1,42.788677,-73.673851,0
802,1,1,42.773842,-73.708145,0
803,1,1,40.732136,-73.991631,0
804,1,1,40.819759,-73.936913,0
805,1,1,40.752338,-73.982384,0
806,1,1,40.751099,-73.991974,0
807,1,1,40.748981,-73.986099,0
808,1,1,40.708939,-74.011475,0
809,1,1,40.818848,-73.898705,0
810,1,1,41.500156,-74.016441,0
811,1,1,40.767765,-73.725601,0
812,1,1,42.820957,-73.924393,0
813,1,1,40.810799,-73.95031,0
814,1,1,40.640018,-73.700089,0
815,1,1,40.699226,-73.939743,0
816,1,1,40.769882,-73.723373,0
817,1,1,40.668732,-73.725967,0
818,1,1,40.709488,-73.961426,0
819,1,1,40.775139,-73.843376,0
820,1,1,40.785412,-73.969597,0
821,1,1,40.632179,-74.116974,0
822,1,1,40.829636,-73.947716,0
823,1,1,40.741158,-73.983093,0
824,1,1,40.710529,-73.963402,0
825,1,1,44.505966,-75.724838,0
826,1,1,41.78233,-74.681717,0
827,1,1,42.658039,-73.748039,0
828,1,1,40.637337,-74.117233,0
829,1,1,40.73135,-73.991646,0
830,1,1,40.77029,-73.982025,0
831,1,1,40.651417,-73.833588,0
832,1,1,40.777763,-73.957024,0
833,1,1,40.708714,-73.95916,0
834,1,1,40.816391,-73.957924,0
835,1,1,42.671379,-73.788391,0
836,1,1,40.654236,-73.72068,0
837,1,1,40.663033,-73.987808,0
838,1,1,40.733166,-73.697723,0
839,1,1,43.049408,-74.339531,0
840,1,1,40.739418,-73.995117,0
841,1,1,40.81974,-73.916267,0
842,1,1,42.128338,-76.829048,0
843,1,1,42.472019,-75.32341,0
844,1,1,42.923325,-78.806824,0
845,1,1,42.124512,-76.829094,0
846,1,1,42.798862,-73.961792,0
847,1,1,43.502525,-73.743591,0
848,1,1,40.769684,-73.968941,0
849,1,1,40.734924,-73.701759,0
850,1,1,40.637184,-74.11792,0
851,1,1,41.753677,-74.702599,0
852,1,1,40.74976,-73.986847,0
853,1,1,42.652325,-73.736267,0
854,1,1,40.710529,-73.963402,0
855,1,1,40.66922,-73.726379,0
856,1,1,40.631535,-74.116333,0
857,1,1,40.825809,-73.90033,0
858,1,1,40.736824,-73.662849,0
859,1,1,40.666389,-73.727402,0
860,1,1,40.717857,-73.985115,0
861,1,1,40.662914,-73.987961,0
862,1,1,40.71537,-74.009232,0
863,1,1,40.833069,-73.898605,0
864,1,1,42.735237,-73.705948,0
865,1,1,40.653019,-73.735405,0
866,1,1,40.721954,-73.999901,0
867,1,1,40.711597,-74.006218,0
868,1,1,40.709942,-73.96315,0
869,1,1,40.799343,-73.968323,0
870,1,1,40.710529,-73.963402,0
871,1,1,40.654186,-73.713974,0
872,1,1,41.494411,-74.016312,0
873,1,1,42.788677,-73.673851,0
874,1,1,40.749699,-73.987106,0
875,1,1,41.805103,-74.750259,0
876,1,1,40.755459,-73.986397,0
877,1,1,42.076374,-73.597588,0
878,1,1,40.717472,-74.005539,0
879,1,1,41.011093,-73.657219,0
880,1,1,40.66988,-73.726135,0
881,1,1,40.668732,-73.725967,0
882,1,1,40.709499,-74.00972,0
883,1,1,43.317608,-73.644928,0
884,1,1,41.629822,-73.767906,0
885,1,1,42.320908,-77.663124,0
886,1,1,40.769882,-73.723373,0
887,1,1,40.711285,-73.808128,0
888,1,1,40.723927,-73.998657,0
889,1,1,40.668732,-73.725967,0
890,1,1,42.692558,-73.723793,0
891,1,1,40.736824,-73.662849,0
892,1,1,42.959343,-73.312393,0
893,1,1,40.709381,-74.010033,0
894,1,1,40.705753,-74.013985,0
895,1,1,40.806835,-73.940132,0
896,1,1,40.710445,-74.008949,0
897,1,1,40.736637,-73.73439,0
898,1,1,40.734966,-73.666595,0
899,1,1,40.755989,-73.005219,0
900,1,1,40.715023,-73.733826,0
901,1,1,40.794559,-73.963966,0
902,1,1,40.721077,-73.990959,0
903,1,1,40.759422,-73.976158,0
904,1,1,42.362873,-73.596741,0
905,1,1,40.709549,-73.961708,0
906,1,1,40.710213,-73.994217,0
907,1,1,40.712727,-74.006012,0
908,1,1,40.879402,-73.148399,0
909,1,1,40.806297,-73.965492,0
910,1,1,40.709381,-74.010033,0
911,1,1,40.618443,-73.739609,0
912,1,1,40.709499,-74.00972,0
913,1,1,42.660172,-73.810486,0
914,1,1,42.320908,-77.663124,0
915,1,1,43.150997,-76.690819,0
916,1,1,40.738747,-73.995491,0
917,1,1,43.124634,-77.623566,0
918,1,1,41.797749,-74.747353,0
919,1,1,40.709206,-74.010048,0
920,1,1,40.818779,-73.074898,0
921,1,1,40.751251,-73.699265,0
922,1,1,42.320908,-77.663124,0
923,1,1,40.711678,-74.006538,0
924,1,1,40.709942,-73.96315,0
925,1,1,41.308506,-73.89975,0
926,1,1,41.307365,-73.900345,0
927,1,1,43.464188,-76.497047,0
928,1,1,40.71999,-73.947205,0
929,1,1,40.739391,-73.99157,0
930,1,1,40.663258,-73.984818,0
931,1,1,40.770073,-73.982018,0
932,1,1,43.329243,-75.898621,0
933,1,1,40.743576,-73.989243,0
934,1,1,40.58897,-73.704231,0
935,1,1,40.747871,-73.9832,0
936,1,1,43.220234,-77.610344,0
937,1,1,40.713432,-74.007141,0
938,1,1,42.742836,-73.754677,0
939,1,1,40.784985,-73.972221,0
940,1,1,41.347286,-73.606178,0
941,1,1,40.637184,-74.11792,0
942,1,1,42.667004,-73.802742,0
943,1,1,40.841011,-73.897964,0
944,1,1,40.668732,-73.725967,0
945,1,1,40.766445,-73.490089,0
946,1,1,40.816078,-73.903427,0
947,1,1,40.829983,-73.94075,0
948,1,1,41.783913,-74.721855,0
949,1,1,40.709499,-74.00972,0
950,1,1,40.753582,-73.985329,0
951,1,1,40.738861,-73.989738,0
952,1,1,41.753677,-74.702599,0
953,1,1,40.517117,-74.238464,0
954,1,1,40.81757,-73.95887,0
955,1,1,42.320908,-77.663124,0
956,1,1,40.751373,-73.982193,0
957,1,1,40.713421,-74.007591,0
958,1,1,40.799835,-73.964279,0
959,1,1,40.73951,-73.699265,0
960,1,1,41.800198,-74.749466,0
961,1,1,40.707977,-74.011093,0
962,1,1,40.707977,-74.011093,0
963,1,1,42.289135,-77.222534,0
964,1,1,40.740639,-73.993904,0
965,1,1,40.928185,-73.777679,0
966,1,1,40.804176,-73.965294,0
967,1,1,43.018524,-78.725349,0
968,1,1,40.655956,-73.739716,0
969,1,1,41.174412,-73.641357,0
970,1,1,40.838947,-73.939636,0
971,1,1,40.740829,-73.986809,0
972,1,1,40.818504,-73.927055,0
973,1,1,40.770073,-73.982018,0
974,1,1,40.804127,-73.953979,0
975,1,1,40.66597,-73.989365,0
976,1,1,40.829575,-73.888535,0
977,1,1,41.862728,-74.824341,0
978,1,1,43.009686,-78.195023,0
979,1,1,42.057629,-73.902931,0
980,1,1,40.664616,-73.986526,0
981,1,1,40.67432,-73.978203,0
982,1,1,43.292679,-77.703232,0
983,1,1,40.833855,-73.855728,0
984,1,1,40.82412,-73.901398,0
985,1,1,42.666553,-73.803886,0
986,1,1,40.710297,-73.965179,0
987,1,1,40.709499,-74.00972,0
988,1,1,40.822037,-73.946915,0
989,1,1,40.747108,-73.989861,0
990,1,1,40.68652,-73.718872,0
991,1,1,40.766445,-73.490089,0
992,1,1,42.075859,-73.598389,0
993,1,1,40.724033,-74.009712,0
994,1,1,40.659344,-73.721458,0
995,1,1,40.691196,-73.924782,0
996,1,1,40.672165,-73.718719,0
997,1,1,40.744556,-73.989479,0
998,1,1,40.833206,-73.898933,0
999,1,1,40.785019,-73.972275,0
1000,1,1,40.743729,-73.995689,0
1001,1,1,40.786037,-73.971832,0
1002,1,1,40.820442,-73.908165,0
1003,1,1,41.783348,-74.682709,0
1004,1,1,42.685432,-73.731049,0
1005,1,1,40.636375,-73.702911,0
1006,1,1,40.640018,-73.700089,0
1007,1,1,40.753845,-73.985519,0
1008,1,1,40.613762,-74.075302,0
1009,1,1,40.753563,-73.985817,0
1010,1,1,40.918842,-72.902023,0
1011,1,1,40.740829,-73.986809,0
1012,1,1,42.773998,-73.673859,0
1013,1,1,40.708885,-73.427849,0
1014,1,1,40.931992,-73.766014,0
1015,1,1,40.797405,-73.969177,0
1016,1,1,40.866882,-73.920815,0
1017,1,1,40.804234,-73.954231,0
1018,1,1,40.738747,-73.995491,0
1019,1,1,42.075893,-73.598328,0
1020,1,1,40.666389,-73.727402,0
1021,1,1,40.732277,-73.990822,0
1022,1,1,40.767765,-73.725601,0
1023,1,1,40.70966,-73.962128,0
1024,1,1,43.174191,-78.695358,0
1025,1,1,42.735477,-73.70591,0
1026,1,1,40.71909,-73.984444,0
1027,1,1,40.759327,-73.833473,0
1028,1,1,40.81184,-73.920776,0
1029,1,1,40.743832,-73.996231,0
1030,1,1,40.736713,-73.663345,0
1031,1,1,40.657921,-73.721581,0
1032,1,1,40.666389,-73.727402,0
1033,1,1,40.747871,-73.9832,0
1034,1,1,40.751251,-73.699265,0
1035,1,1,40.756275,-73.982025,0
1036,1,1,40.709549,-73.961708,0
1037,1,1,40.769882,-73.723373,0
1038,1,1,41.004444,-73.879898,0
1039,1,1,40.718426,-74.005287,0
1040,1,1,40.934048,-73.883774,0
1041,1,1,40.729469,-73.995209,0
1042,1,1,40.806297,-73.965492,0
1043,1,1,40.715023,-73.733826,0
1044,1,1,42.05592,-79.697166,0
1045,1,1,40.754086,-73.986824,0
1046,1,1,40.658806,-73.723694,0
1047,1,1,40.710445,-74.008949,0
1048,1,1,40.849537,-73.900009,0
1049,1,1,40.80648,-73.942642,0
1050,1,1,40.697891,-73.936401,0
1051,1,1,40.668732,-73.725967,0
1052,1,1,40.765194,-73.972458,0
1053,1,1,40.810089,-73.950577,0
1054,1,1,40.736824,-73.664543,0
1055,1,1,41.004261,-73.88044,0
1056,1,1,40.766445,-73.490089,0
1057,1,1,40.749603,-73.977119,0
1058,1,1,40.751099,-73.991974,0
1059,1,1,40.710243,-74.01001,0
1060,1,1,41.753677,-74.702599,0
1061,1,1,40.711597,-74.006218,0
1062,1,1,40.698334,-73.391861,0
1063,1,1,40.712132,-74.005913,0
1064,1,1,41.175598,-73.643608,0
1065,1,1,40.817402,-73.953209,0
1066,1,1,40.829636,-73.947716,0
1067,1,1,40.816391,-73.957924,0
1068,1,1,42.150108,-77.065582,0
1069,1,1,40.739697,-73.69899,0
1070,1,1,40.666389,-73.727402,0
1071,1,1,43.142723,-77.604424,0
1072,1,1,40.714211,-74.005623,0
1073,1,1,40.710529,-73.963402,0
1074,1,1,40.713573,-74.007034,0
1075,1,1,40.68639,-73.721985,0
1076,1,1,40.720879,-73.993309,0
1077,1,1,40.713573,-74.007034,0
1078,1,1,40.757256,-73.855057,0
1079,1,1,40.711678,-74.006538,0
1080,1,1,40.708706,-73.959137,0
1081,1,1,42.957283,-74.230835,0
1082,1,1,42.076363,-73.59761,0
1083,1,1,40.668732,-73.725967,0
1084,1,1,40.708092,-74.013161,0
1085,1,1,40.657043,-73.723358,0
1086,1,1,40.739697,-73.69899,0
1087,1,1,40.722916,-73.992943,0
1088,1,1,40.668732,-73.725967,0
1089,1,1,40.743576,-73.989243,0
1090,1,1,40.706184,-74.013649,0
1091,1,1,40.736965,-73.986801,0
1092,1,1,40.66988,-73.726135,0
1093,1,1,40.747917,-73.998718,0
1094,1,1,40.657219,-73.720604,0
1095,1,1,40.748627,-73.985245,0
1096,1,1,40.693127,-73.928047,0
1097,1,1,42.711872,-73.675262,0
1098,1,1,42.688568,-73.726677,0
1099,1,1,40.662914,-73.987961,0
1100,1,1,40.66988,-73.726135,0
1101,1,1,40.712727,-74.006012,0
1102,1,1,40.785267,-73.973587,0
1103,1,1,40.710445,-74.008949,0
1104,1,1,40.637184,-74.11792,0
1105,1,1,40.78669,-73.954399,0
1106,1,1,40.590385,-73.810089,0
1107,1,1,40.727303,-73.997597,0
1108,1,1,40.710529,-73.963402,0
1109,1,1,40.744709,-73.988724,0
1110,1,1,40.659344,-73.721458,0
1111,1,1,40.663292,-73.991135,0
1112,1,1,40.727188,-73.689499,0
1113,1,1,42.711914,-73.675224,0
1114,1,1,40.679359,-73.981369,0
1115,1,1,40.66988,-73.726135,0
1116,1,1,42.773842,-73.708145,0
1117,1,1,40.655956,-73.739716,0
1118,1,1,40.709381,-74.010033,0
1119,1,1,40.706547,-74.013268,0
1120,1,1,42.076904,-73.596855,0
1121,1,1,42.076229,-73.597794,0
1122,1,1,40.784142,-73.970924,0
1123,1,1,40.767765,-73.725601,0
1124,1,1,40.712727,-74.006012,0
1125,1,1,40.661499,-73.989967,0
1126,1,1,40.748112,-73.988785,0
1127,1,1,42.778973,-73.751289,0
1128,1,1,41.804932,-74.748909,0
1129,1,1,40.823097,-73.942314,0
1130,1,1,40.741276,-73.885834,0
1131,1,1,40.812756,-73.939957,0
1132,1,1,40.73951,-73.699265,0
1133,1,1,40.751389,-73.699005,0
1134,1,1,40.82391,-73.954086,0
1135,1,1,40.63343,-74.117188,0
1136,1,1,44.959213,-74.83046,0
1137,1,1,40.748981,-73.986099,0
1138,1,1,40.668732,-73.725967,0
1139,1,1,40.587322,-73.951729,0
1140,1,1,40.710529,-73.963402,0
1141,1,1,40.726566,-74.003105,0
1142,1,1,40.739697,-73.69899,0
1143,1,1,40.654186,-73.713974,0
1144,1,1,40.738594,-73.988884,0
1145,1,1,40.907608,-73.017258,0
1146,1,1,40.63401,-74.117241,0
1147,1,1,42.36285,-73.596748,0
1148,1,1,40.744129,-74.004204,0
1149,1,1,40.654327,-74.001038,0
1150,1,1,40.740829,-73.986809,0
1151,1,1,40.709381,-74.010033,0
1152,1,1,40.710243,-74.01001,0
1153,1,1,42.254871,-73.794189,0
1154,1,1,40.813549,-73.917473,0
1155,1,1,40.758251,-73.997887,0
1156,1,1,40.68639,-73.721985,0
1157,1,1,40.674583,-73.97879,0
1158,1,1,42.913013,-78.881462,0
1159,1,1,40.797478,-73.938896,0
1160,1,1,40.826447,-73.950462,0
1161,1,1,40.947155,-73.839958,0
1162,1,1,40.755772,-73.979912,0
1163,1,1,40.757305,-73.861809,0
1164,1,1,40.709488,-73.961426,0
1165,1,1,40.810799,-73.95031,0
1166,1,1,40.835175,-73.89463,0
1167,1,1,40.668732,-73.725967,0
1168,1,1,41.80098,-74.74472,0
1169,1,1,40.766445,-73.490089,0
1170,1,1,40.784389,-73.850334,0
1171,1,1,42.6525,-73.748734,0
1172,1,1,40.672276,-73.760468,0
1173,1,1,40.806332,-73.965591,0
1174,1,1,40.669243,-73.725739,0
1175,1,1,40.816391,-73.957924,0
1176,1,1,40.797424,-73.961182,0
1177,1,1,40.711597,-74.006218,0
1178,1,1,40.7868,-73.976006,0
1179,1,1,40.633591,-74.116745,0
1180,1,1,40.671288,-73.981514,0
1181,1,1,40.786484,-73.976753,0
1182,1,1,40.785267,-73.973587,0
1183,1,1,40.709206,-74.010048,0
1184,1,1,40.852509,-73.898262,0
1185,1,1,40.668732,-73.725967,0
1186,1,1,40.709488,-73.961426,0
1187,1,1,40.816391,-73.957924,0
1188,1,1,40.708939,-74.011475,0
1189,1,1,40.654591,-73.938538,0
1190,1,1,40.66988,-73.726135,0
1191,1,1,40.71043,-74.010147,0
1192,1,1,41.175598,-73.643608,0
1193,1,1,40.711597,-74.006218,0
1194,1,1,40.657219,-73.720604,0
1195,1,1,40.637337,-74.117233,0
1196,1,1,40.823189,-73.94989,0
1197,1,1,40.784237,-73.971474,0
1198,1,1,40.709736,-74.010857,0
1199,1,1,40.637184,-74.11792,0
1200,1,1,40.709736,-74.010857,0
1201,1,1,40.684704,-73.723366,0
1202,1,1,41.500118,-74.015495,0
1203,1,1,40.736332,-73.997169,0
1204,1,1,40.757675,-73.978447,0
1205,1,1,40.710445,-74.008949,0
1206,1,1,40.747871,-73.9832,0
1207,1,1,42.732758,-73.706535,0
1208,1,1,40.822063,-73.949646,0
1209,1,1,43.015221,-76.164375,0
1210,1,1,40.743732,-73.988457,0
1211,1,1,41.799515,-74.745621,0
1212,1,1,42.076363,-73.59761,0
1213,1,1,40.928185,-73.777679,0
1214,1,1,40.831558,-73.930313,0
1215,1,1,40.632286,-74.117081,0
1216,1,1,40.637184,-74.11792,0
1217,1,1,43.329243,-75.898621,0
1218,1,1,40.591827,-73.797997,0
1219,1,1,40.657043,-73.723358,0
1220,1,1,40.657867,-73.722939,0
1221,1,1,42.65971,-73.810684,0
1222,1,1,40.80761,-73.94487,0
1223,1,1,40.709488,-73.961426,0
1224,1,1,40.802212,-73.967461,0
1225,1,1,40.819046,-72.811455,0
1226,1,1,40.786743,-73.979637,0
1227,1,1,40.868183,-73.921646,0
1228,1,1,40.717411,-73.99324,0
1229,1,1,40.68652,-73.718872,0
1230,1,1,40.590385,-73.810089,0
1231,1,1,40.640018,-73.700089,0
1232,1,1,40.566967,-73.882439,0
1233,1,1,40.809563,-73.925163,0
1234,1,1,40.709381,-74.010033,0
1235,1,1,40.741276,-73.885834,0
1236,1,1,40.744774,-73.991127,0
1237,1,1,40.633854,-74.116829,0
1238,1,1,40.76577,-73.960831,0
1239,1,1,40.637337,-74.117233,0
1240,1,1,41.80135,-74.749298,0
1241,1,1,41.500286,-74.011803,0
1242,1,1,40.766029,-73.990685,0
1243,1,1,42.734585,-73.706047,0
1244,1,1,40.775307,-73.96299,0
1245,1,1,40.705315,-74.012909,0
1246,1,1,40.80022,-73.960037,0
1247,1,1,40.708939,-74.011475,0
1248,1,1,42.337814,-77.332741,0
1249,1,1,40.907608,-73.017258,0
1250,1,1,40.753922,-73.981178,0
1251,1,1,40.744015,-73.983452,0
1252,1,1,40.710529,-73.963402,0
1253,1,1,40.69273,-73.927223,0
1254,1,1,40.759232,-73.984077,0
1255,1,1,40.761173,-73.644997,0
1256,1,1,40.760387,-73.975456,0
1257,1,1,40.847927,-73.900703,0
1258,1,1,40.709206,-74.010048,0
1259,1,1,40.74551,-73.988434,0
1260,1,1,40.662247,-73.989189,0
1261,1,1,40.831043,-73.927872,0
1262,1,1,42.796326,-73.969261,0
1263,1,1,40.718182,-73.99263,0
1264,1,1,41.802166,-74.749077,0
1265,1,1,40.790199,-73.975418,0
1266,1,1,40.741058,-73.989639,0
1267,1,1,40.711597,-74.006218,0
1268,1,1,43.049408,-74.339531,0
1269,1,1,40.709942,-73.96315,0
1270,1,1,42.076363,-73.59761,0
1271,1,1,40.659344,-73.721458,0
1272,1,1,40.68652,-73.718872,0
1273,1,1,40.826965,-73.39296,0
1274,1,1,40.668732,-73.725967,0
1275,1,1,40.907608,-73.017258,0
1276,1,1,40.759083,-73.91983,0
1277,1,1,40.755482,-73.986389,0
1278,1,1,40.740829,-73.986809,0
1279,1,1,40.753582,-73.985329,0
1280,1,1,40.66922,-73.726379,0
1281,1,1,41.799133,-74.751572,0
1282,1,1,43.150997,-76.690819,0
1283,1,1,40.693527,-73.929512,0
1284,1,1,42.786182,-73.667763,0
1285,1,1,40.617928,-74.171227,0
1286,1,1,40.710445,-74.008949,0
1287,1,1,40.731968,-73.990898,0
1288,1,1,40.719349,-73.989998,0
1289,1,1,40.659344,-73.721458,0
1290,1,1,41.306732,-73.901367,0
1291,1,1,40.740829,-73.986809,0
1292,1,1,40.71397,-74.005074,0
1293,1,1,40.738628,-73.77887,0
1294,1,1,40.849152,-73.936974,0
1295,1,1,40.750568,-73.987556,0
1296,1,1,40.753944,-73.978981,0
1297,1,1,43.209751,-77.430634,0
1298,1,1,40.733166,-73.697723,0
1299,1,1,40.928192,-73.896065,0
1300,1,1,41.80098,-74.74472,0
1301,1,1,40.679359,-73.981369,0
1302,1,1,40.70731,-74.012619,0
1303,1,1,41.005383,-73.879555,0
1304,1,1,40.783428,-73.97995,0
1305,1,1,40.788429,-73.953407,0
1306,1,1,40.642563,-73.69635,0
1307,1,1,40.71043,-74.010147,0
1308,1,1,42.320908,-77.663124,0
1309,1,1,40.654236,-73.72068,0
1310,1,1,40.618443,-73.739609,0
1311,1,1,41.849686,-75.02124,0
1312,1,1,40.786194,-73.951691,0
1313,1,1,40.672276,-73.760468,0
1314,1,1,40.816391,-73.957924,0
1315,1,1,40.684704,-73.723366,0
1316,1,1,40.796543,-72.845314,0
1317,1,1,41.80098,-74.74472,0
1318,1,1,40.775513,-73.986023,0
1319,1,1,40.907608,-73.017258,0
1320,1,1,40.715816,-74.010368,0
1321,1,1,40.744911,-73.990303,0
1322,1,1,41.753677,-74.702599,0
1323,1,1,40.832928,-73.909142,0
1324,1,1,40.713863,-74.00676,0
1325,1,1,40.812119,-73.945908,0
1326,1,1,40.653019,-73.735405,0
1327,1,1,44.697796,-73.464813,0
1328,1,1,41.306732,-73.901367,0
1329,1,1,40.710529,-73.963402,0
1330,1,1,40.719318,-73.986137,0
1331,1,1,40.717922,-73.985306,0
1332,1,1,40.69001,-73.932205,0
1333,1,1,41.76265,-73.940804,0
1334,1,1,40.795868,-73.934525,0
1335,1,1,40.705288,-74.014023,0
1336,1,1,40.668732,-73.725967,0
1337,1,1,40.69614,-73.424026,0
1338,1,1,43.012203,-76.166595,0
1339,1,1,40.709549,-73.961708,0
1340,1,1,40.713421,-74.007591,0
1341,1,1,43.150997,-76.690819,0
1342,1,1,40.713573,-74.01017,0
1343,1,1,40.799866,-73.947166,0
1344,1,1,40.709488,-73.961426,0
1345,1,1,40.706184,-74.013649,0
1346,1,1,40.708706,-73.959137,0
1347,1,1,40.64291,-73.696045,0
1348,1,1,40.721123,-73.993958,0
1349,1,1,40.751251,-73.699265,0
1350,1,1,40.633896,-74.117195,0
1351,1,1,40.708939,-74.011475,0
1352,1,1,40.809708,-73.903061,0
1353,1,1,42.692886,-73.829056,0
1354,1,1,42.752869,-73.577011,0
1355,1,1,40.794788,-73.971367,0
1356,1,1,42.670498,-73.786873,0
1357,1,1,40.784164,-73.979225,0
1358,1,1,40.709942,-73.96315,0
1359,1,1,41.496838,-74.01635,0
1360,1,1,40.66597,-73.989365,0
1361,1,1,40.826496,-73.950279,0
1362,1,1,40.718498,-73.987076,0
1363,1,1,40.747871,-73.9832,0
1364,1,1,40.748062,-73.983887,0
1365,1,1,40.636421,-74.129593,0
1366,1,1,40.755482,-73.986389,0
1367,1,1,40.727768,-73.701591,0
1368,1,1,40.759083,-73.91983,0
1369,1,1,44.701344,-73.457489,0
1370,1,1,40.740829,-73.986809,0
1371,1,1,40.785412,-73.969597,0
1372,1,1,40.684536,-73.733269,0
1373,1,1,40.707836,-73.922562,0
1374,1,1,41.502434,-74.011787,0
1375,1,1,40.749874,-73.273018,0
1376,1,1,41.328705,-73.873917,0
1377,1,1,42.076523,-73.597382,0
1378,1,1,40.65855,-73.996559,0
1379,1,1,40.681122,-73.700706,0
1380,1,1,40.808449,-73.947784,0
1381,1,1,42.253578,-73.760704,0
1382,1,1,40.738319,-73.990105,0
1383,1,1,43.091789,-75.658951,0
1384,1,1,40.921219,-73.031273,0
1385,1,1,42.108967,-75.957634,0
1386,1,1,40.690067,-73.718773,0
1387,1,1,40.801365,-73.948341,0
1388,1,1,40.766445,-73.490089,0
1389,1,1,41.80135,-74.749298,0
1390,1,1,40.687813,-73.918839,0
1391,1,1,41.801563,-74.74749,0
1392,1,1,41.645153,-73.74192,0
1393,1,1,40.968243,-73.71666,0
1394,1,1,40.804005,-73.96405,0
1395,1,1,40.629429,-74.166336,0
1396,1,1,41.49506,-74.016632,0
1397,1,1,40.633896,-74.117195,0
1398,1,1,42.671249,-73.738937,0
1399,1,1,40.749699,-73.987106,0
1400,1,1,42.1189,-75.935593,0
1401,1,1,40.743576,-73.989243,0
1402,1,1,40.669243,-73.725739,0
1403,1,1,40.669243,-73.725739,0
1404,1,1,40.753922,-73.981178,0
1405,1,1,40.709736,-74.010857,0
1406,1,1,40.908783,-73.552261,0
1407,1,1,40.755936,-73.980988,0
1408,1,1,42.773842,-73.708145,0
1409,1,1,40.734943,-73.998253,0
1410,1,1,40.755894,-73.989677,0
1411,1,1,40.710445,-74.008949,0
1412,1,1,40.711678,-74.006538,0
1413,1,1,40.810799,-73.95031,0
1414,1,1,40.668732,-73.725967,0
1415,1,1,41.825195,-74.864532,0
1416,1,1,41.801201,-74.746552,0
1417,1,1,40.708797,-73.959984,0
1418,1,1,40.709499,-74.00972,0
1419,1,1,40.709549,-73.961708,0
1420,1,1,40.709549,-73.961708,0
1421,1,1,40.910164,-73.777153,0
1422,1,1,40.749699,-73.987106,0
1423,1,1,40.670654,-73.984795,0
1424,1,1,40.790092,-73.978615,0
1425,1,1,40.860546,-73.908287,0
1426,1,1,40.710529,-73.963402,0
1427,1,1,40.769882,-73.723373,0
1428,1,1,40.710243,-74.01001,0
1429,1,1,40.743576,-73.989243,0
1430,1,1,40.839661,-73.882492,0
1431,1,1,40.832096,-73.887497,0
1432,1,1,40.693428,-73.929436,0
1433,1,1,40.748047,-73.988388,0
1434,1,1,40.67432,-73.978203,0
1435,1,1,40.742153,-73.989868,0
1436,1,1,40.713573,-74.007034,0
1437,1,1,42.057629,-73.902931,0
1438,1,1,40.820305,-73.900177,0
1439,1,1,40.758915,-73.986084,0
1440,1,1,40.633591,-74.116745,0
1441,1,1,40.684704,-73.723366,0
1442,1,1,40.749699,-73.987106,0
1443,1,1,40.81028,-73.949127,0
1444,1,1,40.822617,-73.910713,0
1445,1,1,40.709736,-74.010857,0
1446,1,1,40.708275,-74.008125,0
1447,1,1,40.712307,-73.943321,0
1448,1,1,40.730968,-73.851082,0
1449,1,1,40.801849,-73.943611,0
1450,1,1,40.668732,-73.725967,0
1451,1,1,40.78133,-73.958656,0
1452,1,1,40.800957,-73.94738,0
1453,1,1,40.668732,-73.725967,0
1454,1,1,40.752178,-73.992683,0
1455,1,1,40.668732,-73.725967,0
1456,1,1,40.745354,-73.9925,0
1457,1,1,40.74102,-73.989532,0
1458,1,1,40.755894,-73.989677,0
1459,1,1,40.712727,-74.006012,0
1460,1,1,40.755894,-73.989677,0
1461,1,1,40.753922,-73.981178,0
1462,1,1,40.839935,-73.880547,0
1463,1,1,40.757618,-73.983025,0
1464,1,1,43.971241,-75.618866,0
1465,1,1,40.779381,-73.949547,0
1466,1,1,40.711597,-74.006218,0
1467,1,1,40.679382,-73.858986,0
1468,1,1,40.708797,-73.959984,0
1469,1,1,40.767765,-73.725601,0
1470,1,1,40.706161,-74.012421,0
1471,1,1,40.747532,-73.989204,0
1472,1,1,40.68224,-73.736755,0
1473,1,1,40.716141,-74.00444,0
1474,1,1,40.668823,-73.72654,0
1475,1,1,40.841812,-73.93943,0
1476,1,1,40.710445,-74.008949,0
1477,1,1,40.790726,-73.976013,0
1478,1,1,40.721161,-73.99382,0
1479,1,1,40.668732,-73.725967,0
1480,1,1,40.749393,-73.986397,0
1481,1,1,40.713127,-73.345383,0
1482,1,1,40.679359,-73.981369,0
1483,1,1,40.744308,-73.992737,0
1484,1,1,41.054661,-73.979446,0
1485,1,1,40.734257,-73.994476,0
1486,1,1,40.785019,-73.972275,0
1487,1,1,40.796288,-73.963005,0
1488,1,1,40.798763,-73.968925,0
1489,1,1,40.667355,-73.726418,0
1490,1,1,43.056271,-74.33725,0
1491,1,1,40.749699,-73.987106,0
1492,1,1,40.588562,-73.94693,0
1493,1,1,40.823101,-73.89772,0
1494,1,1,40.709206,-74.010048,0
1495,1,1,40.801014,-73.96064,0
1496,1,1,40.74535,-73.988564,0
1497,1,1,43.065845,-76.990677,0
1498,1,1,40.768394,-73.969788,0
1499,1,1,40.809433,-73.947899,0
1500,1,1,43.084717,-78.98526,0
1501,1,1,40.749699,-73.987106,0
1502,1,1,40.753922,-73.981178,0
1503,1,1,42.935196,-76.577591,0
1504,1,1,40.667355,-73.726418,0
1505,1,1,40.712132,-74.005913,0
1506,1,1,41.451302,-74.607216,0
1507,1,1,40.879402,-73.148399,0
1508,1,1,40.755894,-73.989677,0
1509,1,1,40.709499,-74.00972,0
1510,1,1,40.780582,-73.981987,0
1511,1,1,40.852768,-73.899254,0
1512,1,1,40.991283,-73.668991,0
1513,1,1,40.829872,-73.947815,0
1514,1,1,42.590443,-73.828506,0
1515,1,1,40.666389,-73.727402,0
1516,1,1,40.576248,-73.844093,0
1517,1,1,40.804111,-73.952278,0
1518,1,1,40.63401,-74.117241,0
1519,1,1,40.749699,-73.987106,0
1520,1,1,40.657043,-73.723358,0
1521,1,1,40.711597,-74.006218,0
1522,1,1,42.076229,-73.597794,0
1523,1,1,40.709381,-74.010033,0
1524,1,1,40.759346,-73.976738,0
1525,1,1,40.826214,-73.899696,0
1526,1,1,43.174191,-78.695358,0
1527,1,1,40.670811,-73.981339,0
1528,1,1,40.633854,-74.116829,0
1529,1,1,40.746502,-73.985458,0
1530,1,1,40.619637,-73.983307,0
1531,1,1,40.786427,-73.976707,0
1532,1,1,42.110283,-75.956551,0
1533,1,1,40.70966,-73.962128,0
1534,1,1,40.666451,-73.98497,0
1535,1,1,40.913399,-73.129181,0
1536,1,1,40.724548,-73.994125,0
1537,1,1,40.840092,-73.109718,0
1538,1,1,40.687847,-73.919571,0
1539,1,1,40.675232,-73.741989,0
1540,1,1,40.804111,-73.952278,0
1541,1,1,40.66988,-73.726135,0
1542,1,1,40.6772,-73.977043,0
1543,1,1,41.800198,-74.749466,0
1544,1,1,42.691708,-73.724411,0
1545,1,1,40.73951,-73.699265,0
1546,1,1,40.640018,-73.700089,0
1547,1,1,40.66988,-73.726135,0
1548,1,1,44.94735,-74.938644,0
1549,1,1,41.781776,-74.728516,0
1550,1,1,40.673809,-73.979454,0
1551,1,1,40.772968,-73.982307,0
1552,1,1,40.773956,-73.981529,0
1553,1,1,40.747375,-73.987404,0
1554,1,1,42.680271,-73.73365,0
1555,1,1,40.663292,-73.991135,0
1556,1,1,40.829872,-73.947815,0
1557,1,1,40.710125,-73.963661,0
1558,1,1,43.142498,-77.60424,0
1559,1,1,40.657921,-73.721581,0
1560,1,1,40.711678,-74.006538,0
1561,1,1,40.813892,-73.937622,0
1562,1,1,40.657921,-73.721581,0
1563,1,1,40.818295,-73.942894,0
1564,1,1,41.599903,-73.742851,0
1565,1,1,40.749699,-73.987106,0
1566,1,1,42.78043,-73.669662,0
1567,1,1,40.845428,-73.890793,0
1568,1,1,40.708092,-74.013161,0
1569,1,1,40.708939,-74.011475,0
1570,1,1,40.710125,-73.963661,0
1571,1,1,40.717144,-73.748116,0
1572,1,1,40.766163,-73.997238,0
1573,1,1,40.711384,-74.007721,0
1574,1,1,40.751312,-73.986557,0
1575,1,1,43.146175,-77.605721,0
1576,1,1,42.810986,-73.943748,0
1577,1,1,40.785267,-73.973587,0
1578,1,1,40.831722,-73.929947,0
1579,1,1,42.898792,-78.814171,0
1580,1,1,42.158287,-77.079071,0
1581,1,1,40.736691,-73.677116,0
1582,1,1,40.657528,-73.721733,0
1583,1,1,40.744926,-73.988594,0
1584,1,1,42.788677,-73.673851,0
1585,1,1,40.733166,-73.697723,0
1586,1,1,40.666389,-73.727402,0
1587,1,1,40.710297,-73.965179,0
1588,1,1,40.618443,-73.739609,0
1589,1,1,40.76852,-73.951424,0
1590,1,1,41.563126,-73.664932,0
1591,1,1,40.667675,-73.987251,0
1592,1,1,40.637337,-74.117233,0
1593,1,1,40.654236,-73.72068,0
1594,1,1,40.669827,-73.904968,0
1595,1,1,40.711597,-74.006218,0
1596,1,1,41.306732,-73.901367,0
1597,1,1,40.753922,-73.981178,0
1598,1,1,40.933472,-73.88427,0
1599,1,1,41.753677,-74.702599,0
1600,1,1,40.708939,-74.011475,0
1601,1,1,40.717766,-73.834167,0
1602,1,1,41.753677,-74.702599,0
1603,1,1,41.589649,-73.921349,0
1604,1,1,40.726566,-74.003105,0
1605,1,1,40.770359,-73.902435,0
1606,1,1,42.685432,-73.731049,0
1607,1,1,40.756004,-73.980301,0
1608,1,1,40.785412,-73.969597,0
1609,1,1,40.66745,-73.726982,0
1610,1,1,42.786182,-73.667763,0
1611,1,1,40.772968,-73.982307,0
1612,1,1,43.009964,-78.195107,0
1613,1,1,40.807125,-73.942368,0
1614,1,1,40.762901,-73.967491,0
1615,1,1,40.654186,-73.713974,0
1616,1,1,40.74102,-73.989532,0
1617,1,1,42.993698,-78.958832,0
1618,1,1,40.663868,-73.991089,0
1619,1,1,40.709206,-74.010048,0
1620,1,1,40.982334,-73.879509,0
1621,1,1,40.672165,-73.718719,0
1622,1,1,42.699711,-73.817909,0
1623,1,1,40.739658,-73.995522,0
1624,1,1,40.713444,-74.007133,0
1625,1,1,42.765636,-73.677757,0
1626,1,1,42.320908,-77.663124,0
1627,1,1,40.751099,-73.991974,0
1628,1,1,40.799835,-73.964279,0
1629,1,1,43.000992,-74.375275,0
1630,1,1,40.802162,-73.945366,0
1631,1,1,40.840092,-73.109718,0
1632,1,1,40.802212,-73.967461,0
1633,1,1,40.736824,-73.664543,0
1634,1,1,40.74976,-73.986847,0
1635,1,1,40.759327,-73.972542,0
1636,1,1,40.824986,-73.911461,0
1637,1,1,40.749393,-73.986397,0
1638,1,1,40.784847,-73.833008,0
1639,1,1,40.726566,-74.003105,0
1640,1,1,40.659344,-73.721458,0
1641,1,1,40.618443,-73.739609,0
1642,1,1,40.742916,-73.981987,0
1643,1,1,40.771503,-72.962387,0
1644,1,1,40.709499,-74.00972,0
1645,1,1,40.810562,-73.936348,0
1646,1,1,41.783348,-74.682709,0
1647,1,1,40.66988,-73.726135,0
1648,1,1,40.779652,-73.96003,0
1649,1,1,42.770237,-73.674271,0
1650,1,1,40.816391,-73.957924,0
1651,1,1,40.849655,-73.890144,0
1652,1,1,41.825195,-74.864532,0
1653,1,1,40.637337,-74.117233,0
1654,1,1,42.652958,-73.735924,0
1655,1,1,40.576248,-73.844093,0
1656,1,1,40.666389,-73.727402,0
1657,1,1,40.708885,-73.427849,0
1658,1,1,41.7822,-74.681236,0
1659,1,1,40.710529,-73.963402,0
1660,1,1,40.740242,-73.990982,0
1661,1,1,40.721119,-73.993835,0
1662,1,1,40.699226,-73.939743,0
1663,1,1,42.934669,-76.579674,0
1664,1,1,42.934669,-76.579674,0
1665,1,1,40.701981,-73.943779,0
1666,1,1,40.706547,-74.013268,0
1667,1,1,40.66922,-73.726379,0
1668,1,1,40.61623,-74.150032,0
1669,1,1,40.816391,-73.957924,0
1670,1,1,40.688869,-73.74453,0
1671,1,1,40.740253,-73.994858,0
1672,1,1,40.71043,-74.010147,0
1673,1,1,40.795231,-73.944221,0
1674,1,1,43.143211,-77.657295,0
1675,1,1,40.752014,-73.988495,0
1676,1,1,40.726612,-73.995377,0
1677,1,1,40.718723,-73.994286,0
1678,1,1,40.821297,-73.897087,0
1679,1,1,40.722969,-73.825661,0
1680,1,1,41.645153,-73.74192,0
1681,1,1,40.709488,-73.961426,0
1682,1,1,40.721851,-73.889893,0
1683,1,1,42.660172,-73.810486,0
1684,1,1,40.749699,-73.987106,0
1685,1,1,40.785267,-73.973587,0
1686,1,1,41.78233,-74.681717,0
1687,1,1,40.709381,-74.010033,0
1688,1,1,40.731552,-74.00119,0
1689,1,1,40.746254,-73.986549,0
1690,1,1,40.709549,-73.961708,0
1691,1,1,40.751099,-73.991974,0
1692,1,1,40.757675,-73.978447,0
1693,1,1,43.329243,-75.898621,0
1694,1,1,40.63401,-74.117241,0
1695,1,1,40.576248,-73.844093,0
1696,1,1,43.329243,-75.898621,0
1697,1,1,40.743664,-73.992775,0
1698,1,1,40.699226,-73.939743,0
1699,1,1,40.744114,-73.698814,0
1700,1,1,40.618443,-73.739609,0
1701,1,1,40.666451,-73.98497,0
1702,1,1,40.770073,-73.982018,0
1703,1,1,40.742153,-73.989868,0
1704,1,1,40.637184,-74.11792,0
1705,1,1,40.662914,-73.987961,0
1706,1,1,40.748981,-73.986099,0
1707,1,1,40.751251,-73.699265,0
1708,1,1,40.708885,-73.427849,0
1709,1,1,40.654236,-73.72068,0
1710,1,1,40.706161,-74.012421,0
1711,1,1,40.716232,-73.460976,0
1712,1,1,40.752964,-73.980766,0
1713,1,1,42.802635,-73.955574,0
1714,1,1,42.636036,-73.749161,0
1715,1,1,42.340572,-77.67141,0
1716,1,1,40.736824,-73.662849,0
1717,1,1,40.654186,-73.713974,0
1718,1,1,40.657219,-73.720604,0
1719,1,1,40.710445,-74.008949,0
1720,1,1,42.754715,-73.534348,0
1721,1,1,42.788677,-73.673851,0
1722,1,1,40.637184,-74.11792,0
1723,1,1,41.645153,-73.74192,0
1724,1,1,40.79916,-73.950577,0
1725,1,1,40.711597,-74.006218,0
1726,1,1,40.663292,-73.991135,0
1727,1,1,40.713573,-74.007034,0
1728,1,1,40.709381,-74.010033,0
1729,1,1,40.708939,-74.011475,0
1730,1,1,40.907608,-73.017258,0
1731,1,1,40.637337,-74.117233,0
1732,1,1,40.618443,-73.739609,0
1733,1,1,40.809109,-73.946098,0
1734,1,1,40.769684,-73.968941,0
1735,1,1,40.709942,-73.96315,0
1736,1,1,40.68652,-73.718872,0
1737,1,1,40.590385,-73.810089,0
1738,1,1,40.709381,-74.010033,0
1739,1,1,40.740829,-73.986809,0
1740,1,1,41.496529,-74.01635,0
1741,1,1,40.715034,-74.005775,0
1742,1,1,40.759182,-73.985031,0
1743,1,1,40.74551,-73.988434,0
1744,1,1,42.788677,-73.673851,0
1745,1,1,40.710529,-73.963402,0
1746,1,1,40.576248,-73.844093,0
1747,1,1,40.623837,-73.735252,0
1748,1,1,40.576248,-73.844093,0
1749,1,1,40.710297,-73.965179,0
1750,1,1,40.671288,-73.981514,0
1751,1,1,40.705208,-74.014008,0
1752,1,1,42.773842,-73.708145,0
1753,1,1,40.759346,-73.976738,0
1754,1,1,40.711597,-74.006218,0
1755,1,1,40.709381,-74.010033,0
1756,1,1,40.710529,-73.963402,0
1757,1,1,40.75798,-73.97477,0
1758,1,1,42.957283,-74.230835,0
1759,1,1,42.362526,-73.597076,0
1760,1,1,40.669243,-73.725739,0
1761,1,1,40.637184,-74.11792,0
1762,1,1,41.497654,-74.015923,0
1763,1,1,40.746384,-73.987274,0
1764,1,1,40.739697,-73.69899,0
1765,1,1,40.721985,-73.990585,0
1766,1,1,40.965797,-73.713951,0
1767,1,1,40.753944,-73.978981,0
1768,1,1,40.696404,-73.791328,0
1769,1,1,40.760517,-73.987732,0
1770,1,1,40.70834,-73.742393,0
1771,1,1,40.766445,-73.490089,0
1772,1,1,40.670811,-73.981339,0
1773,1,1,43.059208,-74.334381,0
1774,1,1,40.657043,-73.723358,0
1775,1,1,40.709488,-73.961426,0
1776,1,1,40.693829,-73.92926,0
1777,1,1,40.666389,-73.727402,0
1778,1,1,40.743198,-73.99601,0
1779,1,1,40.803284,-73.966461,0
1780,1,1,40.782543,-73.975365,0
1781,1,1,40.618443,-73.739609,0
1782,1,1,41.175598,-73.643608,0
1783,1,1,41.862728,-74.824341,0
1784,1,1,40.68652,-73.718872,0
1785,1,1,40.928185,-73.777679,0
1786,1,1,41.004444,-73.879898,0
1787,1,1,40.709736,-74.010857,0
1788,1,1,40.746704,-73.9869,0
1789,1,1,40.747871,-73.9832,0
1790,1,1,42.075924,-79.22998,0
1791,1,1,40.5951,-74.185905,0
1792,1,1,40.767765,-73.725601,0
1793,1,1,42.754063,-73.681091,0
1794,1,1,40.803547,-73.965225,0
1795,1,1,40.772892,-72.940033,0
1796,1,1,40.767765,-73.725601,0
1797,1,1,40.774776,-73.981064,0
1798,1,1,41.792419,-74.746239,0
1799,1,1,40.824867,-73.951912,0
1800,1,1,40.752014,-73.988495,0
1801,1,1,40.752014,-73.988495,0
1802,1,1,40.711597,-74.006218,0
1803,1,1,40.734924,-73.701759,0
1804,1,1,41.307365,-73.900345,0
1805,1,1,43.298115,-77.860565,0
1806,1,1,42.788677,-73.673851,0
1807,1,1,40.747871,-73.9832,0
1808,1,1,42.65237,-73.76722,0
1809,1,1,42.935371,-76.575996,0
1810,1,1,40.668732,-73.725967,0
1811,1,1,40.74551,-73.988434,0
1812,1,1,40.709942,-73.96315,0
1813,1,1,40.712116,-74.005966,0
1814,1,1,41.586048,-74.578064,0
1815,1,1,40.684704,-73.723366,0
1816,1,1,40.637184,-74.11792,0
1817,1,1,40.747871,-73.9832,0
1818,1,1,40.787125,-73.978378,0
1819,1,1,40.710445,-74.008949,0
1820,1,1,40.825512,-73.951454,0
1821,1,1,42.935196,-76.577591,0
1822,1,1,40.736824,-73.662849,0
1823,1,1,40.85025,-73.934425,0
1824,1,1,42.434856,-76.519226,0
1825,1,1,42.876331,-75.054062,0
1826,1,1,40.654953,-73.847237,0
1827,1,1,42.811497,-73.943184,0
1828,1,1,40.847996,-73.63475,0
1829,1,1,40.75045,-74.003395,0
1830,1,1,40.740829,-73.986809,0
1831,1,1,40.633854,-74.116829,0
1832,1,1,40.666969,-73.987778,0
1833,1,1,40.766342,-73.7211,0
1834,1,1,40.712727,-74.006012,0
1835,1,1,40.709488,-73.961426,0
1836,1,1,40.657921,-73.723267,0
1837,1,1,40.870522,-73.856407,0
1838,1,1,40.657528,-73.721733,0
1839,1,1,41.084667,-73.781448,0
1840,1,1,40.785267,-73.973587,0
1841,1,1,40.709381,-74.010033,0
1842,1,1,40.745846,-73.98764,0
1843,1,1,40.747654,-73.985352,0
1844,1,1,40.742844,-73.788666,0
1845,1,1,40.708885,-73.427849,0
1846,1,1,40.735252,-73.699829,0
1847,1,1,42.650345,-73.763588,0
1848,1,1,40.777546,-73.978462,0
1849,1,1,40.907692,-73.016197,0
1850,1,1,40.751251,-73.699265,0
1851,1,1,40.709896,-73.963036,0
1852,1,1,40.672165,-73.718719,0
1853,1,1,40.743576,-73.989243,0
1854,1,1,40.734402,-73.998596,0
1855,1,1,40.778244,-73.962387,0
1856,1,1,40.734528,-73.998672,0
1857,1,1,40.708714,-73.95916,0
1858,1,1,40.711678,-74.006538,0
1859,1,1,40.663033,-73.987808,0
1860,1,1,40.756092,-73.005051,0
1861,1,1,40.711678,-74.006538,0
1862,1,1,40.749699,-73.987106,0
1863,1,1,40.841026,-73.725914,0
1864,1,1,40.717064,-73.76194,0
1865,1,1,40.658531,-73.766373,0
1866,1,1,40.78701,-73.954514,0
1867,1,1,40.710529,-73.963402,0
1868,1,1,40.66988,-73.726135,0
1869,1,1,40.668732,-73.725967,0
1870,1,1,40.708885,-73.427849,0
1871,1,1,40.653019,-73.735405,0
1872,1,1,40.747871,-73.9832,0
1873,1,1,40.818504,-73.927055,0
1874,1,1,40.72068,-73.994011,0
1875,1,1,40.666389,-73.727402,0
1876,1,1,40.666389,-73.727402,0
1877,1,1,40.907608,-73.017258,0
1878,1,1,40.702171,-73.944641,0
1879,1,1,40.808655,-73.94735,0
1880,1,1,42.681564,-73.73378,0
1881,1,1,42.788677,-73.673851,0
1882,1,1,40.709499,-74.00972,0
1883,1,1,40.70594,-74.01001,0
1884,1,1,43.056271,-74.33725,0
1885,1,1,40.764462,-73.974495,0
1886,1,1,42.892288,-76.105202,0
1887,1,1,42.993614,-78.958549,0
1888,1,1,40.637184,-74.11792,0
1889,1,1,40.711678,-74.006538,0
1890,1,1,40.668732,-73.725967,0
1891,1,1,40.773422,-73.785797,0
1892,1,1,40.735912,-73.700096,0
1893,1,1,40.735912,-73.700096,0
1894,1,1,40.73951,-73.699265,0
1895,1,1,40.709499,-74.00972,0
1896,1,1,43.060204,-76.204552,0
1897,1,1,41.805103,-74.750259,0
1898,1,1,40.657528,-73.721733,0
1899,1,1,40.709736,-74.010857,0
1900,1,1,40.803284,-73.966461,0
1901,1,1,40.784275,-73.970749,0
1902,1,1,42.566883,-76.289742,0
1903,1,1,41.005383,-73.879555,0
1904,1,1,40.784569,-73.972267,0
1905,1,1,40.747871,-73.9832,0
1906,1,1,43.094769,-73.506126,0
1907,1,1,40.637184,-74.11792,0
1908,1,1,40.709854,-73.962486,0
1909,1,1,40.682194,-73.72007,0
1910,1,1,40.666389,-73.727402,0
1911,1,1,43.027737,-76.29406,0
1912,1,1,42.752869,-73.577011,0
1913,1,1,40.786194,-73.951691,0
1914,1,1,40.712646,-73.783813,0
1915,1,1,41.496838,-74.01635,0
1916,1,1,40.710445,-74.008949,0
1917,1,1,40.670265,-73.982368,0
1918,1,1,40.769955,-73.966591,0
1919,1,1,42.963558,-78.84626,0
1920,1,1,40.770359,-73.902435,0
1921,1,1,40.740253,-73.994858,0
1922,1,1,41.783348,-74.682709,0
1923,1,1,40.709499,-74.00972,0
1924,1,1,40.667675,-73.987251,0
1925,1,1,40.680969,-73.974564,0
1926,1,1,40.831501,-73.90239,0
1927,1,1,40.847126,-73.905785,0
1928,1,1,40.841442,-73.93988,0
1929,1,1,40.567703,-74.119759,0
1930,1,1,40.668732,-73.725967,0
1931,1,1,40.655254,-73.832222,0
1932,1,1,40.807751,-73.943123,0
1933,1,1,40.751251,-73.699265,0
1934,1,1,40.74976,-73.986847,0
1935,1,1,40.709488,-73.961426,0
1936,1,1,40.66922,-73.726379,0
1937,1,1,42.692558,-73.723793,0
1938,1,1,40.74551,-73.988434,0
1939,1,1,40.747349,-73.989342,0
1940,1,1,40.80069,-73.966759,0
1941,1,1,40.645611,-73.898972,0
1942,1,1,40.766342,-73.7211,0
1943,1,1,40.796169,-73.971039,0
1944,1,1,40.63406,-74.117249,0
1945,1,1,40.929699,-73.900009,0
1946,1,1,43.060204,-76.204552,0
1947,1,1,40.751572,-73.987411,0
1948,1,1,40.711384,-74.007721,0
1949,1,1,43.064026,-76.991737,0
1950,1,1,40.74976,-73.986847,0
1951,1,1,40.570126,-73.85952,0
1952,1,1,42.752869,-73.577011,0
1953,1,1,40.657043,-73.723358,0
1954,1,1,44.959213,-74.83046,0
1955,1,1,40.816391,-73.957924,0
1956,1,1,40.807903,-73.943291,0
1957,1,1,42.660267,-73.780823,0
1958,1,1,41.943455,-74.169701,0
1959,1,1,40.70966,-73.962128,0
1960,1,1,43.049446,-74.339302,0
1961,1,1,40.740829,-73.986809,0
1962,1,1,40.792553,-73.94632,0
1963,1,1,40.907608,-73.017258,0
1964,1,1,42.439243,-73.503227,0
1965,1,1,42.184128,-74.8815,0
1966,1,1,40.816391,-73.957924,0
1967,1,1,40.769882,-73.723373,0
1968,1,1,40.711597,-74.006218,0
1969,1,1,40.749699,-73.987106,0
1970,1,1,40.706161,-74.012421,0
1971,1,1,40.752529,-73.987289,0
1972,1,1,42.076363,-73.59761,0
1973,1,1,40.651821,-73.630692,0
1974,1,1,40.723927,-73.998657,0
1975,1,1,40.723927,-73.998657,0
1976,1,1,40.705288,-74.014023,0
1977,1,1,40.74551,-73.988434,0
1978,1,1,40.730728,-74.002014,0
1979,1,1,42.320908,-77.663124,0
1980,1,1,43.024956,-78.877754,0
1981,1,1,40.709381,-74.010033,0
1982,1,1,40.74976,-73.986847,0
1983,1,1,40.63401,-74.117241,0
1984,1,1,42.076363,-73.59761,0
1985,1,1,43.164562,-77.571747,0
1986,1,1,42.752869,-73.577011,0
1987,1,1,40.750137,-73.98597,0
1988,1,1,40.74102,-73.989532,0
1989,1,1,42.752869,-73.577011,0
1990,1,1,42.810986,-73.943748,0
1991,1,1,40.753845,-73.985519,0
1992,1,1,40.709206,-74.010048,0
1993,1,1,40.740829,-73.986809,0
1994,1,1,40.759346,-73.976738,0
1995,1,1,40.693829,-73.92926,0
1996,1,1,40.716728,-74.003532,0
1997,1,1,40.709736,-74.010857,0
1998,1,1,40.758106,-73.988052,0
1999,1,1,40.711597,-74.006218,0
2000,1,1,40.727673,-74.005348,0
2001,1,1,40.745296,-73.987274,0
2002,1,1,40.776035,-73.95993,0
2003,1,1,40.66597,-73.989365,0
2004,1,1,42.261921,-76.957016,0
2005,1,1,40.821297,-73.897087,0
2006,1,1,40.747318,-73.982918,0
2007,1,1,40.760044,-73.986839,0
2008,1,1,40.736713,-73.663345,0
2009,1,1,40.842129,-73.884674,0
2010,1,1,40.711678,-74.006538,0
2011,1,1,40.75705,-73.981674,0
2012,1,1,40.672165,-73.718719,0
2013,1,1,42.343182,-75.052818,0
2014,1,1,40.697975,-73.93734,0
2015,1,1,40.666389,-73.727402,0
2016,1,1,40.65802,-73.835861,0
2017,1,1,40.81646,-73.944801,0
2018,1,1,42.660782,-73.766129,0
2019,1,1,40.73951,-73.699265,0
2020,1,1,40.709381,-74.010033,0
2021,1,1,40.709499,-74.00972,0
2022,1,1,42.788677,-73.673851,0
2023,1,1,40.684704,-73.723366,0
2024,1,1,40.710529,-73.963402,0
2025,1,1,40.754734,-73.985405,0
2026,1,1,40.68652,-73.718872,0
2027,1,1,40.653019,-73.735405,0
2028,1,1,40.849979,-73.935074,0
2029,1,1,40.708939,-74.011475,0
2030,1,1,40.6772,-73.977043,0
2031,1,1,40.739578,-73.989403,0
2032,1,1,40.812763,-73.939964,0
2033,1,1,40.655956,-73.739716,0
2034,1,1,40.666389,-73.727402,0
2035,1,1,41.715153,-73.849205,0
2036,1,1,42.785828,-78.822975,0
2037,1,1,40.864025,-73.891121,0
2038,1,1,41.600193,-73.743065,0
2039,1,1,40.668732,-73.725967,0
2040,1,1,40.744556,-73.989479,0
2041,1,1,40.668732,-73.725967,0
2042,1,1,40.711678,-74.006538,0
2043,1,1,40.709549,-73.961708,0
2044,1,1,41.797749,-74.747353,0
2045,1,1,40.666962,-73.988441,0
2046,1,1,43.158833,-77.722054,0
2047,1,1,40.857983,-73.881538,0
2048,1,1,40.799835,-73.964279,0
2049,1,1,40.666389,-73.727402,0
2050,1,1,42.934669,-76.579674,0
2051,1,1,40.743576,-73.989243,0
2052,1,1,42.076443,-73.597496,0
2053,1,1,42.22998,-74.869728,0
2054,1,1,40.811089,-73.958267,0
2055,1,1,42.810986,-73.943748,0
2056,1,1,40.657528,-73.721733,0
2057,1,1,42.810986,-73.943748,0
2058,1,1,40.746513,-73.97599,0
2059,1,1,42.690716,-73.702599,0
2060,1,1,40.669243,-73.725739,0
2061,1,1,42.712196,-73.709587,0
2062,1,1,40.713863,-74.00676,0
2063,1,1,40.709381,-74.010033,0
2064,1,1,40.659248,-73.991692,0
2065,1,1,40.796669,-73.961151,0
2066,1,1,40.767765,-73.725601,0
2067,1,1,40.740829,-73.986809,0
2068,1,1,40.709942,-73.96315,0
2069,1,1,40.74551,-73.988434,0
2070,1,1,40.739658,-73.995522,0
2071,1,1,40.790905,-73.966911,0
2072,1,1,40.925236,-73.778931,0
2073,1,1,40.757675,-73.978447,0
2074,1,1,40.820644,-73.915802,0
2075,1,1,42.861282,-76.990837,0
2076,1,1,40.757492,-73.977554,0
2077,1,1,42.258743,-73.765526,0
2078,1,1,40.746593,-73.987762,0
2079,1,1,40.764423,-73.987976,0
2080,1,1,40.907608,-73.017258,0
2081,1,1,43.132843,-77.566406,0
2082,1,1,40.799835,-73.964279,0
2083,1,1,43.009766,-78.194771,0
2084,1,1,40.832779,-73.888115,0
2085,1,1,40.707363,-74.012199,0
2086,1,1,40.855145,-73.929703,0
2087,1,1,40.657043,-73.723358,0
2088,1,1,40.766178,-72.958221,0
2089,1,1,40.832542,-73.930695,0
2090,1,1,40.784389,-73.970802,0
2091,1,1,40.783108,-73.953217,0
2092,1,1,40.913799,-73.842148,0
2093,1,1,40.693829,-73.92926,0
2094,1,1,40.810944,-73.945641,0
2095,1,1,41.038193,-73.749474,0
2096,1,1,40.657043,-73.723358,0
2097,1,1,40.749699,-73.987106,0
2098,1,1,42.320908,-77.663124,0
2099,1,1,40.754929,-73.985947,0
2100,1,1,40.810089,-73.950577,0
2101,1,1,40.707363,-74.012199,0
2102,1,1,40.7747,-73.958908,0
2103,1,1,40.666389,-73.727402,0
2104,1,1,42.788677,-73.673851,0
2105,1,1,40.666389,-73.727402,0
2106,1,1,40.654327,-74.001038,0
2107,1,1,41.781776,-74.728516,0
2108,1,1,40.686378,-73.916107,0
2109,1,1,40.742153,-73.989868,0
2110,1,1,40.744907,-73.988953,0
2111,1,1,40.663593,-73.7724,0
2112,1,1,40.612141,-73.7463,0
2113,1,1,43.002174,-74.679848,0
2114,1,1,40.734375,-73.989578,0
2115,1,1,40.788464,-73.953384,0
2116,1,1,42.788677,-73.673851,0
2117,1,1,40.907608,-73.017258,0
2118,1,1,40.766445,-73.490089,0
2119,1,1,42.446419,-75.577766,0
2120,1,1,42.771683,-73.674927,0
2121,1,1,42.320908,-77.663124,0
2122,1,1,40.657043,-73.723358,0
2123,1,1,40.639641,-74.09082,0
2124,1,1,40.708939,-74.011475,0
2125,1,1,40.591827,-73.797997,0
2126,1,1,40.734924,-73.701759,0
2127,1,1,40.84848,-73.933899,0
2128,1,1,40.769371,-73.982643,0
2129,1,1,40.668732,-73.725967,0
2130,1,1,40.709942,-73.96315,0
2131,1,1,40.74551,-73.988434,0
2132,1,1,40.940056,-73.852959,0
2133,1,1,40.711288,-74.008148,0
2134,1,1,40.633854,-74.116829,0
2135,1,1,42.814484,-73.74398,0
2136,1,1,40.735912,-73.700096,0
2137,1,1,40.774876,-73.980415,0
2138,1,1,40.711288,-74.008148,0
2139,1,1,40.666389,-73.727402,0
2140,1,1,43.051662,-76.115059,0
2141,1,1,40.800224,-73.967735,0
2142,1,1,40.653019,-73.735405,0
2143,1,1,40.709499,-74.00972,0
2144,1,1,40.653019,-73.735405,0
2145,1,1,41.670921,-74.250748,0
2146,1,1,40.713863,-74.00676,0
2147,1,1,40.907608,-73.017258,0
2148,1,1,40.807346,-73.942116,0
2149,1,1,40.747871,-73.9832,0
2150,1,1,40.748981,-73.986099,0
2151,1,1,40.778774,-73.956291,0
2152,1,1,40.788338,-73.976501,0
2153,1,1,40.712727,-74.006012,0
2154,1,1,40.657082,-74.001465,0
2155,1,1,42.07592,-73.598289,0
2156,1,1,40.762924,-73.972404,0
2157,1,1,40.710529,-73.963402,0
2158,1,1,40.708706,-73.959137,0
2159,1,1,40.668732,-73.725967,0
2160,1,1,40.809547,-73.947151,0
2161,1,1,40.706177,-74.01033,0
2162,1,1,42.566883,-76.289742,0
2163,1,1,40.640018,-73.700089,0
2164,1,1,42.752869,-73.577011,0
2165,1,1,40.614979,-73.746742,0
2166,1,1,40.817959,-73.913742,0
2167,1,1,41.797749,-74.747353,0
2168,1,1,40.977936,-72.545525,0
2169,1,1,40.751251,-73.699265,0
2170,1,1,42.780624,-73.669571,0
2171,1,1,40.714211,-74.005623,0
2172,1,1,40.841026,-73.725914,0
2173,1,1,42.788677,-73.673851,0
2174,1,1,40.933472,-73.88427,0
2175,1,1,43.060204,-76.204552,0
2176,1,1,40.740829,-73.986809,0
2177,1,1,40.771687,-73.981865,0
2178,1,1,40.738609,-73.59697,0
2179,1,1,40.747852,-73.977257,0
2180,1,1,40.750828,-73.9841,0
2181,1,1,43.502525,-73.743591,0
2182,1,1,40.739697,-73.69899,0
2183,1,1,40.710529,-73.963402,0
2184,1,1,40.747871,-73.9832,0
2185,1,1,40.725903,-73.994003,0
2186,1,1,40.740829,-73.986809,0
2187,1,1,40.710297,-73.965179,0
2188,1,1,40.846905,-73.898544,0
2189,1,1,40.759357,-73.974678,0
2190,1,1,41.600193,-73.743065,0
2191,1,1,40.745846,-73.98764,0
2192,1,1,40.709736,-74.010857,0
2193,1,1,40.740829,-73.986809,0
2194,1,1,40.640018,-73.700089,0
2195,1,1,40.714211,-74.005623,0
2196,1,1,41.50491,-74.00766,0
2197,1,1,40.668732,-73.725967,0
2198,1,1,40.640018,-73.700089,0
2199,1,1,40.790653,-73.969254,0
2200,1,1,40.766445,-73.490089,0
2201,1,1,40.782738,-73.980362,0
2202,1,1,40.773796,-73.986412,0
2203,1,1,40.710297,-73.965179,0
2204,1,1,42.108383,-75.893745,0
2205,1,1,40.769882,-73.723373,0
2206,1,1,40.668732,-73.725967,0
2207,1,1,40.709381,-74.010033,0
2208,1,1,40.726566,-74.003105,0
2209,1,1,40.71043,-74.010147,0
2210,1,1,40.866493,-73.884956,0
2211,1,1,40.782738,-73.980362,0
2212,1,1,40.747871,-73.9832,0
2213,1,1,40.705288,-74.014023,0
2214,1,1,40.800102,-73.960083,0
2215,1,1,40.797478,-73.938896,0
2216,1,1,40.762993,-73.569427,0
2217,1,1,40.669243,-73.725739,0
2218,1,1,40.851761,-73.937958,0
2219,1,1,40.654186,-73.713974,0
2220,1,1,40.796284,-73.964905,0
2221,1,1,40.86805,-73.882515,0
2222,1,1,40.844868,-73.834892,0
2223,1,1,40.709499,-74.00972,0
2224,1,1,40.766445,-73.490089,0
2225,1,1,42.685432,-73.731049,0
2226,1,1,40.826214,-73.899696,0
2227,1,1,43.060204,-76.204552,0
2228,1,1,40.653019,-73.735405,0
2229,1,1,40.672733,-73.980331,0
2230,1,1,40.784969,-73.97216,0
2231,1,1,40.671642,-73.983955,0
2232,1,1,40.718288,-73.842941,0
2233,1,1,40.69865,-73.748177,0
2234,1,1,40.810627,-73.954353,0
2235,1,1,40.816391,-73.957924,0
2236,1,1,40.698055,-73.936714,0
2237,1,1,40.758862,-73.995598,0
2238,1,1,40.732887,-73.991493,0
2239,1,1,40.740242,-73.990982,0
2240,1,1,42.768494,-73.675056,0
2241,1,1,40.754875,-73.727318,0
2242,1,1,42.135956,-75.709938,0
2243,1,1,41.804932,-74.748909,0
2244,1,1,40.714523,-74.004463,0
2245,1,1,40.697945,-73.937286,0
2246,1,1,40.717922,-73.985306,0
2247,1,1,40.784275,-73.970749,0
2248,1,1,40.709942,-73.96315,0
2249,1,1,40.718906,-73.984917,0
2250,1,1,40.822773,-73.939232,0
2251,1,1,40.666389,-73.727402,0
2252,1,1,42.075943,-73.598251,0
2253,1,1,40.654236,-73.72068,0
2254,1,1,43.060204,-76.204552,0
2255,1,1,40.714928,-74.007698,0
2256,1,1,40.517197,-74.238327,0
2257,1,1,40.618443,-73.739609,0
2258,1,1,40.829636,-73.947716,0
2259,1,1,40.734127,-73.990746,0
2260,1,1,40.707977,-74.011093,0
2261,1,1,41.496838,-74.01635,0
2262,1,1,40.84848,-73.933899,0
2263,1,1,41.500156,-74.016441,0
2264,1,1,40.710297,-73.965179,0
2265,1,1,40.686378,-73.916107,0
2266,1,1,40.726444,-73.996109,0
2267,1,1,41.087921,-73.991699,0
2268,1,1,42.941345,-74.19326,0
2269,1,1,41.500156,-74.016441,0
2270,1,1,40.81987,-73.903343,0
2271,1,1,40.657528,-73.721733,0
2272,1,1,40.748478,-73.984879,0
2273,1,1,41.599888,-73.742943,0
2274,1,1,40.783863,-73.979988,0
2275,1,1,40.747948,-73.984505,0
2276,1,1,40.74778,-73.988411,0
2277,1,1,40.707977,-74.011093,0
2278,1,1,40.618443,-73.739609,0
2279,1,1,40.755222,-73.977684,0
2280,1,1,43.012978,-78.663788,0
2281,1,1,40.726337,-73.99575,0
2282,1,1,40.7267,-73.983818,0
2283,1,1,40.737652,-73.996254,0
2284,1,1,42.752869,-73.577011,0
2285,1,1,40.666389,-73.727402,0
2286,1,1,40.747871,-73.9832,0
2287,1,1,41.783131,-74.680763,0
2288,1,1,40.785019,-73.972275,0
2289,1,1,40.691353,-73.924728,0
2290,1,1,40.754875,-73.727318,0
2291,1,1,40.705315,-74.012909,0
2292,1,1,40.755894,-73.989677,0
2293,1,1,40.770073,-73.982018,0
2294,1,1,40.708092,-74.013161,0
2295,1,1,43.049408,-74.339531,0
2296,1,1,40.756893,-74.004616,0
2297,1,1,41.797749,-74.747353,0
2298,1,1,40.713745,-74.005074,0
2299,1,1,41.781776,-74.728516,0
2300,1,1,40.707977,-74.011093,0
2301,1,1,40.721123,-73.993958,0
2302,1,1,40.849422,-73.888947,0
2303,1,1,40.706562,-73.479904,0
2304,1,1,42.07613,-73.597954,0
2305,1,1,41.800587,-74.745094,0
2306,1,1,40.770134,-73.966759,0
2307,1,1,40.805492,-73.940964,0
2308,1,1,40.767109,-73.97081,0
2309,1,1,40.804726,-73.940338,0
2310,1,1,40.760517,-73.987732,0
2311,1,1,44.98708,-74.650665,0
2312,1,1,42.544415,-74.926407,0
2313,1,1,40.739697,-73.69899,0
2314,1,1,40.666389,-73.727402,0
2315,1,1,40.712727,-74.006012,0
2316,1,1,40.673088,-73.983284,0
2317,1,1,40.846966,-73.89904,0
2318,1,1,40.672165,-73.718719,0
2319,1,1,40.766445,-73.490089,0
2320,1,1,40.762924,-73.972404,0
2321,1,1,40.762924,-73.972404,0
2322,1,1,40.712864,-74.001915,0
2323,1,1,40.68639,-73.721985,0
2324,1,1,40.805035,-73.938583,0
2325,1,1,40.751251,-73.699265,0
2326,1,1,42.71188,-73.6754,0
2327,1,1,40.899101,-73.838165,0
2328,1,1,40.802212,-73.967461,0
2329,1,1,40.928185,-73.777679,0
2330,1,1,40.795155,-73.969444,0
2331,1,1,41.799244,-74.745377,0
2332,1,1,40.713863,-74.00676,0
2333,1,1,40.673897,-73.978767,0
2334,1,1,40.695625,-73.891342,0
2335,1,1,40.826878,-73.946739,0
2336,1,1,40.710529,-73.963402,0
2337,1,1,40.807205,-73.942268,0
2338,1,1,43.329243,-75.898621,0
2339,1,1,40.637337,-74.117233,0
2340,1,1,40.757675,-73.978447,0
2341,1,1,40.709942,-73.96315,0
2342,1,1,40.747871,-73.9832,0
2343,1,1,40.841812,-73.93943,0
2344,1,1,40.770359,-73.902435,0
2345,1,1,40.867661,-73.899132,0
2346,1,1,40.709206,-74.010048,0
2347,1,1,40.840092,-73.109718,0
2348,1,1,40.708939,-74.011475,0
2349,1,1,40.66597,-73.989365,0
2350,1,1,40.812103,-73.960785,0
2351,1,1,40.645149,-74.079681,0
2352,1,1,40.715034,-74.005775,0
2353,1,1,41.500156,-74.016441,0
2354,1,1,42.996346,-78.755432,0
2355,1,1,40.707088,-74.011917,0
2356,1,1,40.668732,-73.725967,0
2357,1,1,40.878735,-73.905045,0
2358,1,1,41.045315,-73.744087,0
2359,1,1,40.640018,-73.700089,0
2360,1,1,40.792763,-73.976807,0
2361,1,1,40.76992,-73.728119,0
2362,1,1,40.821419,-73.954147,0
2363,1,1,40.783638,-73.952744,0
2364,1,1,40.709473,-73.961365,0
2365,1,1,40.755894,-73.989677,0
2366,1,1,40.711597,-74.006218,0
2367,1,1,41.781776,-74.728516,0
2368,1,1,40.68639,-73.721985,0
2369,1,1,40.742645,-73.984848,0
2370,1,1,40.813999,-73.959389,0
2371,1,1,40.659023,-73.996048,0
2372,1,1,43.056904,-74.347137,0
2373,1,1,40.68639,-73.721985,0
2374,1,1,40.834106,-72.793541,0
2375,1,1,41.645153,-73.74192,0
2376,1,1,40.662273,-73.989136,0
2377,1,1,40.751228,-73.982124,0
2378,1,1,40.801384,-73.948387,0
2379,1,1,40.708885,-73.427849,0
2380,1,1,40.709736,-74.010857,0
2381,1,1,40.709381,-74.010033,0
2382,1,1,40.743576,-73.989243,0
2383,1,1,40.707363,-74.012199,0
2384,1,1,40.649632,-73.724846,0
2385,1,1,40.71212,-74.005966,0
2386,1,1,40.693527,-73.929512,0
2387,1,1,41.645153,-73.74192,0
2388,1,1,40.750351,-73.698074,0
2389,1,1,40.613762,-74.075302,0
2390,1,1,41.005383,-73.879555,0
2391,1,1,42.968327,-78.85807,0
2392,1,1,40.657227,-73.519966,0
2393,1,1,40.712898,-74.001778,0
2394,1,1,41.782768,-74.679085,0
2395,1,1,40.785019,-73.972275,0
2396,1,1,40.654186,-73.713974,0
2397,1,1,40.666531,-73.727318,0
2398,1,1,40.713863,-74.00676,0
2399,1,1,40.669861,-73.98542,0
2400,1,1,40.708885,-73.427849,0
2401,1,1,40.784275,-73.970749,0
2402,1,1,40.804249,-73.964851,0
2403,1,1,40.794788,-73.971367,0
2404,1,1,40.854134,-73.929665,0
2405,1,1,40.769882,-73.723373,0
2406,1,1,40.708885,-73.427849,0
2407,1,1,41.500156,-74.016441,0
2408,1,1,40.672733,-73.980331,0
2409,1,1,40.807644,-73.943558,0
2410,1,1,44.959213,-74.83046,0
2411,1,1,40.753845,-73.985519,0
2412,1,1,40.751099,-73.991974,0
2413,1,1,42.685432,-73.731049,0
2414,1,1,40.707977,-74.011093,0
2415,1,1,40.640018,-73.700089,0
2416,1,1,40.705288,-74.014023,0
2417,1,1,40.934799,-73.88398,0
2418,1,1,40.743843,-73.924431,0
2419,1,1,42.96661,-73.522202,0
2420,1,1,40.661884,-73.993141,0
2421,1,1,40.740829,-73.986809,0
2422,1,1,40.666389,-73.727402,0
2423,1,1,41.005383,-73.879555,0
2424,1,1,42.18845,-76.059418,0
2425,1,1,40.797478,-73.938896,0
2426,1,1,40.709549,-73.961708,0
2427,1,1,40.868916,-73.882935,0
2428,1,1,40.742153,-73.989868,0
2429,1,1,41.496838,-74.01635,0
2430,1,1,40.70966,-73.962128,0
2431,1,1,40.89922,-73.853653,0
2432,1,1,40.733166,-73.697723,0
2433,1,1,40.770359,-73.902435,0
2434,1,1,40.691196,-73.924782,0
2435,1,1,40.747871,-73.9832,0
2436,1,1,40.659344,-73.721458,0
2437,1,1,40.709896,-73.963036,0
2438,1,1,40.726166,-73.995972,0
2439,1,1,40.767765,-73.725601,0
2440,1,1,40.9048,-73.78125,0
2441,1,1,40.709942,-73.96315,0
2442,1,1,40.715034,-74.005775,0
2443,1,1,40.668732,-73.725967,0
2444,1,1,43.302898,-73.586342,0
2445,1,1,40.617527,-73.985893,0
2446,1,1,40.770725,-73.94883,0
2447,1,1,44.698662,-73.451668,0
2448,1,1,41.802166,-74.749077,0
2449,1,1,40.842739,-73.885094,0
2450,1,1,40.726997,-73.995262,0
2451,1,1,40.77327,-72.940079,0
2452,1,1,40.783543,-73.974083,0
2453,1,1,42.78376,-73.668945,0
2454,1,1,40.687813,-73.918839,0
2455,1,1,43.045139,-74.349663,0
2456,1,1,42.802635,-73.955574,0
2457,1,1,42.811497,-73.943184,0
2458,1,1,40.712727,-74.006012,0
2459,1,1,40.613762,-74.075302,0
2460,1,1,40.745865,-74.001404,0
2461,1,1,42.33622,-76.786453,0
2462,1,1,40.685642,-73.722061,0
2463,1,1,40.672165,-73.718719,0
2464,1,1,40.818504,-73.927055,0
2465,1,1,40.798191,-73.962067,0
2466,1,1,40.710529,-73.963402,0
2467,1,1,42.732014,-73.706398,0
2468,1,1,41.645153,-73.74192,0
2469,1,1,41.753677,-74.702599,0
2470,1,1,40.747871,-73.9832,0
2471,1,1,41.645153,-73.74192,0
2472,1,1,42.685432,-73.731049,0
2473,1,1,40.820309,-73.894806,0
2474,1,1,40.693829,-73.92926,0
2475,1,1,40.731968,-73.990898,0
2476,1,1,40.637184,-74.11792,0
2477,1,1,40.709206,-74.010048,0
2478,1,1,41.825195,-74.864532,0
2479,1,1,40.591827,-73.797997,0
2480,1,1,40.668732,-73.725967,0
2481,1,1,40.710529,-73.963402,0
2482,1,1,40.745644,-74.00238,0
2483,1,1,40.759346,-73.976738,0
2484,1,1,40.708885,-73.427849,0
2485,1,1,40.63406,-74.117249,0
2486,1,1,40.709488,-73.961426,0
2487,1,1,40.709549,-73.961708,0
2488,1,1,42.886337,-78.868393,0
2489,1,1,40.708939,-74.011475,0
2490,1,1,40.740253,-73.994858,0
2491,1,1,41.645153,-73.74192,0
2492,1,1,40.618443,-73.739609,0
2493,1,1,41.500156,-74.016441,0
2494,1,1,40.709381,-74.010033,0
2495,1,1,42.076904,-73.596855,0
2496,1,1,42.076904,-73.596855,0
2497,1,1,40.63343,-74.117188,0
2498,1,1,40.816257,-73.903137,0
2499,1,1,40.816257,-73.903137,0
2500,1,1,40.816257,-73.903137,0
2501,1,1,40.877514,-73.90567,0
2502,1,1,40.74976,-73.986847,0
2503,1,1,40.61623,-74.150032,0
2504,1,1,40.779896,-73.981522,0
2505,1,1,41.175598,-73.643608,0
2506,1,1,40.654186,-73.713974,0
2507,1,1,40.654327,-74.001038,0
2508,1,1,40.849606,-73.933647,0
2509,1,1,40.721119,-73.993835,0
2510,1,1,40.710445,-74.008949,0
2511,1,1,40.770359,-73.902435,0
2512,1,1,40.714523,-74.004463,0
2513,1,1,40.712208,-73.774673,0
2514,1,1,40.637337,-74.117233,0
2515,1,1,40.709736,-74.010857,0
2516,1,1,41.825195,-74.864532,0
2517,1,1,40.766953,-73.9702,0
2518,1,1,41.805103,-74.750259,0
2519,1,1,40.806583,-73.943382,0
2520,1,1,40.67054,-73.985352,0
2521,1,1,40.772728,-73.982086,0
2522,1,1,40.637184,-74.11792,0
2523,1,1,40.576248,-73.844093,0
2524,1,1,40.829483,-73.888908,0
2525,1,1,40.662273,-73.989136,0
2526,1,1,40.634956,-74.116936,0
2527,1,1,40.737652,-73.996254,0
2528,1,1,40.809589,-73.949562,0
2529,1,1,42.935371,-76.575996,0
2530,1,1,40.757675,-73.978447,0
2531,1,1,40.74551,-73.988434,0
2532,1,1,40.733166,-73.697723,0
2533,1,1,40.738609,-73.59697,0
2534,1,1,40.749336,-73.984413,0
2535,1,1,40.66988,-73.726135,0
2536,1,1,40.595619,-73.722389,0
2537,1,1,40.752964,-73.980766,0
2538,1,1,44.959213,-74.83046,0
2539,1,1,40.710445,-74.008949,0
2540,1,1,40.600346,-73.657585,0
2541,1,1,40.710445,-74.008949,0
2542,1,1,40.754982,-73.987175,0
2543,1,1,42.780991,-73.668854,0
2544,1,1,41.98653,-73.657349,0
2545,1,1,40.755894,-73.989677,0
2546,1,1,41.600193,-73.743065,0
2547,1,1,40.710529,-73.963402,0
2548,1,1,40.82082,-73.897102,0
2549,1,1,44.638088,-73.440964,0
2550,1,1,40.816391,-73.957924,0
2551,1,1,40.663033,-73.987808,0
2552,1,1,40.767765,-73.725601,0
2553,1,1,40.684704,-73.723366,0
2554,1,1,42.80846,-73.906555,0
2555,1,1,40.699821,-73.837608,0
2556,1,1,40.828381,-73.946724,0
2557,1,1,40.684929,-73.816643,0
2558,1,1,40.679382,-73.858986,0
2559,1,1,40.713863,-74.00676,0
2560,1,1,40.709942,-73.96315,0
2561,1,1,40.709381,-74.010033,0
2562,1,1,40.807903,-73.943291,0
2563,1,1,40.745663,-73.988487,0
2564,1,1,40.847546,-73.899025,0
2565,1,1,40.710445,-74.008949,0
2566,1,1,40.668732,-73.725967,0
2567,1,1,41.50732,-73.977005,0
2568,1,1,41.496838,-74.01635,0
2569,1,1,40.75489,-73.986794,0
2570,1,1,40.708939,-74.011475,0
2571,1,1,40.730968,-73.851082,0
2572,1,1,40.733166,-73.697723,0
2573,1,1,40.693527,-73.929512,0
2574,1,1,40.826214,-73.899696,0
2575,1,1,40.772953,-73.982307,0
2576,1,1,42.076141,-73.597931,0
2577,1,1,41.783913,-74.721855,0
2578,1,1,41.753677,-74.702599,0
2579,1,1,40.661499,-73.989967,0
2580,1,1,43.060204,-76.204552,0
2581,1,1,40.669243,-73.725739,0
2582,1,1,40.590385,-73.810089,0
2583,1,1,40.806801,-73.942947,0
2584,1,1,40.709942,-73.96315,0
2585,1,1,40.709499,-74.00972,0
2586,1,1,40.799194,-73.954247,0
2587,1,1,40.772892,-72.940033,0
2588,1,1,41.784187,-73.694168,0
2589,1,1,40.729916,-74.000267,0
2590,1,1,40.712208,-73.774673,0
2591,1,1,40.71043,-74.010147,0
2592,1,1,40.766953,-73.9702,0
2593,1,1,40.714443,-74.006462,0
2594,1,1,41.799511,-74.747032,0
2595,1,1,40.783554,-73.980568,0
2596,1,1,40.71323,-73.996704,0
